"Replicate"	"Flowcell"	"Run"	"Locus"	"X.SampleID"	"Ecotype"	"Year"	"mon"	"month_2"	"Day"	"Experiment"	"Month"	"Combi"	"label"	"Group"	"numOtrad_Otus"	"c__Agaricomycetes_unclassified"	"c__Oomycetes_unclassified"	"c__Tremellomycetes_unclassified"	"k__Fungi_unclassified"	"k__Viridiplantae_unclassified"	"o__Agaricostilbales"	"o__Albuginales"	"o__Archaeosporales"	"o__Chaetopeltidales"	"o__Chlamydomonadales"	"o__Chromulinales"	"o__Chytridiales"	"o__Cystobasidiomycetes_ord_Incertae_sedis"	"o__Cystofilobasidiales"	"o__Diptera"	"o__Entylomatales"	"o__Filobasidiales"	"o__Helotiales"	"o__Hymenochaetales"	"o__Incertae_sedis"	"o__Leucosporidiales"	"o__Microbotryales"	"o__Microthamniales"	"o__Mortierellales"	"o__Neolectales"	"o__Nephroselmidales"	"o__Peronosporales"	"o__Pleosporales"	"o__Pythiales"	"o__Rhizophydiales"	"o__Saprolegniales"	"o__Spizellomycetales"	"o__Sporidiobolales"	"o__Tremellales"	"o__Trichosporonales"	"p__Basidiomycota_unclassified"	"p__Chlorophyta_unclassified"	"p__Ciliophora_unclassified"	"p__Ochrophyta_unclassified"	"p__Oomycota_unclassified"
"S1"	1	"A"	"Otrad"	"A.Otrad.33"	"W"	2015	2	4	17	1	"Feb"	"Feb1W"	0.03	"A.Otrad.33"	182	0	0	0	0	0	0	0.000505050505050505	0	0	0	0	0	0	0	0	0	0	0	0	0	0	0	0	0	0	0.000101010101010101	0.999191919191919	0	0.000202020202020202	0	0	0	0	0	0	0	0	0	0	0
"S10"	1	"A"	"Otrad"	"A.Otrad.42"	"S"	2015	2	4	17	1	"Feb"	"Feb1S"	0.03	"A.Otrad.42"	182	0	0	0	0	0	0	0.00699842706362414	0	0	0	0	0	0	0	0	0	0	0	0	0	2.27961793603392e-05	0	0	0	0	0	0.991884560147719	0	0.00109421660929628	0	0	0	0	0	0	0	0	0	0	0
"S103"	3	"C"	"Otrad"	"C.Otrad.41"	"K"	2015	11	1	18	2	"Nov"	"Nov2K"	0.03	"C.Otrad.41"	182	0	0	0	0.0150375939849624	0.0050125313283208	0	0	0	0.0025062656641604	0.102756892230576	0	0	0	0.0025062656641604	0.0025062656641604	0	0	0	0.180451127819549	0.0526315789473684	0	0	0	0	0	0.0025062656641604	0.167919799498747	0.0150375939849624	0.0451127819548872	0.0050125313283208	0	0	0	0.0100250626566416	0	0.0275689223057644	0.363408521303258	0	0	0
"S106"	3	"C"	"Otrad"	"C.Otrad.44"	"S"	2015	11	1	18	2	"Nov"	"Nov2S"	0.03	"C.Otrad.44"	182	0	0	0	0	0	0	0.00472813238770686	0	0	0	0	0	0	0	0	0	0	0	0	0	0	0	0	0	0	0	0.846335697399527	0	0.148936170212766	0	0	0	0	0	0	0	0	0	0	0
"S107"	3	"C"	"Otrad"	"C.Otrad.45"	"S"	2015	11	1	18	2	"Nov"	"Nov2S"	0.03	"C.Otrad.45"	182	0	0	0	0	0	0	0	0	0	0	0	0	0	0	0	0	0	0	0	0	0	0	0	0	0	0	0.777070063694267	0	0.222929936305732	0	0	0	0	0	0	0	0	0	0	0
"S109"	3	"C"	"Otrad"	"C.Otrad.47"	"W"	2015	12	2	17	2	"Dec"	"Dec2W"	0.03	"C.Otrad.47"	182	0	0	0	0	0	0	0.108003108003108	0	0	0.000777000777000777	0	0	0	0	0	0	0	0	0	0	0	0	0	0	0	0.00155400155400155	0.88966588966589	0	0	0	0	0	0	0	0	0	0	0	0	0
"S110"	3	"C"	"Otrad"	"C.Otrad.48"	"C"	2015	12	2	17	2	"Dec"	"Dec2C"	0.03	"C.Otrad.48"	182	0	0	0	0	0	0	0.734375	0	0	0	0	0	0	0	0	0	0	0	0	0	0	0	0	0	0	0	0.203125	0	0.0598958333333333	0	0.00260416666666667	0	0	0	0	0	0	0	0	0
"S113"	4	"D"	"Otrad"	"D.Otrad.1"	"S"	2015	2	4	17	1	"Feb"	"Feb1S"	0.03	"D.Otrad.1"	182	0	0	0	0	0	0	0.176480749299451	0	0	0	0	0	0	1.91931211853672e-05	0	1.91931211853672e-05	0	0	1.91931211853672e-05	0	0	0	0	0	0	1.91931211853672e-05	0.821273655521861	0	0.00213043645157576	0	0	0	0	1.91931211853672e-05	0	0	1.91931211853672e-05	0	0	0
"S114"	4	"D"	"Otrad"	"D.Otrad.2"	"W"	2016	2	4	19	2	"Feb"	"Feb2W"	0.03	"D.Otrad.2"	182	0	0	0	0	0	0	0.120389282710561	0	0	7.20893908446474e-05	0	0	0	0.000264327766430374	0	7.20893908446474e-05	0	0	4.80595938964316e-05	0	2.40297969482158e-05	0.000408506548119668	0	0	0	4.80595938964316e-05	0.877688333533582	0	0.000937162080980416	2.40297969482158e-05	0	0	0	0	0	0	0	0	0	2.40297969482158e-05
"S115"	4	"D"	"Otrad"	"D.Otrad.3"	"W"	2016	2	4	19	2	"Feb"	"Feb2W"	0.03	"D.Otrad.3"	182	0	0.000111172873818788	0	0	0	0	0.0971650917176209	0	0	0	0	0	0	0	0	0	0	0	0	0	0	0	0	0	0	0.000111172873818788	0.880155642023346	0	0.0224569205113952	0	0	0	0	0	0	0	0	0	0	0
"S116"	4	"D"	"Otrad"	"D.Otrad.4"	"W"	2016	2	4	19	2	"Feb"	"Feb2W"	0.03	"D.Otrad.4"	182	0	0	0	0	1.99884067241e-05	0	0.801175318315377	0	0	0	0	0	0	1.99884067241e-05	0	0	0	0	0	0	0	0	0	0	0	1.99884067241e-05	0.198604809210658	0	0.0001399188470687	1.99884067241e-05	0	0	0	0	0	0	0	0	0	0
"S117"	4	"D"	"Otrad"	"D.Otrad.5"	"W"	2016	2	4	19	2	"Feb"	"Feb2W"	0.03	"D.Otrad.5"	182	0	0	0	0	0	0	0.972248154120343	0	0	2.82893434043396e-05	0	0	0	0.000113157373617358	0	0	0	0	0	0	2.82893434043396e-05	2.82893434043396e-05	0	0	0	2.82893434043396e-05	0.0273557950719964	0	0.000141446717021698	0	0	0	2.82893434043396e-05	0	0	0	0	0	0	0
"S118"	4	"D"	"Otrad"	"D.Otrad.6"	"C"	2015	2	4	17	1	"Feb"	"Feb1C"	0.03	"D.Otrad.6"	182	0	0	0	0	0	0	0.994075327972916	0	0	0	0	0	0	0	0	0.000211595429538722	0	0	0	0	0	0	0	0	0	0.000211595429538722	0.00465509944985188	0	0	0	0	0	0	0	0	0	0.000634786288616166	0	0.000211595429538722	0
"S119"	4	"D"	"Otrad"	"D.Otrad.7"	"C"	2016	2	4	19	2	"Feb"	"Feb2C"	0.03	"D.Otrad.7"	182	0	0	0	0	0	0	0.780099198260633	0	0	0	0	0	0	6.79440141323549e-05	0	0	0	0	0	0	0	0	0	0	0	3.39720070661775e-05	0.219798885718168	0	0	0	0	0	0	0	0	0	0	0	0	0
"S120"	4	"D"	"Otrad"	"D.Otrad.8"	"C"	2016	2	4	19	2	"Feb"	"Feb2C"	0.03	"D.Otrad.8"	182	0	0	0	0.000149132898717457	0	0	0.467680770377945	2.13046998167796e-05	0	0.00592270654906472	0	0	2.13046998167796e-05	0.000766969193404065	0	0.000319570497251694	0	0	0	0.000149132898717457	0.000894797392304742	0	0	2.13046998167796e-05	0	0	0.50826622352891	0	0.000319570497251694	0.0152328603689974	0	0	2.13046998167796e-05	0	0	2.13046998167796e-05	0.000191742298351016	0	0	0
"S121"	4	"D"	"Otrad"	"D.Otrad.9"	"C"	2016	2	4	19	2	"Feb"	"Feb2C"	0.03	"D.Otrad.9"	182	0	0	0	0	0	0	0.340330613866227	0	0	0	0	0	0	6.11116203746142e-05	0	0	0	0	0	0	0	0	0	0	0	3.05558101873071e-05	0.659577718703211	0	0	0	0	0	0	0	0	0	0	0	0	0
"S122"	4	"D"	"Otrad"	"D.Otrad.10"	"K"	2015	2	4	17	1	"Feb"	"Feb1K"	0.03	"D.Otrad.10"	182	0	0	0	0	0.000152276534186082	0	0.475407339728948	0	0	0	0	0	0	0.000152276534186082	0	0	0	0	0	0	0	7.6138267093041e-05	0	0	0	0	0.524135830668494	0	0	0	0	0	0	7.6138267093041e-05	0	0	0	0	0	0
"S123"	4	"D"	"Otrad"	"D.Otrad.11"	"K"	2016	2	4	19	2	"Feb"	"Feb2K"	0.03	"D.Otrad.11"	182	0	0	0	0	0	0	0.873515803556497	0	0	0	0	0	0	0.000278722336808072	0	0	0	0	0	0	0	0	0	0	0	5.57444673616144e-05	0.125926751769887	0	5.57444673616144e-05	0	5.57444673616144e-05	0	5.57444673616144e-05	0	0	0	5.57444673616144e-05	0	0	0
"S124"	4	"D"	"Otrad"	"D.Otrad.12"	"K"	2016	2	4	19	2	"Feb"	"Feb2K"	0.03	"D.Otrad.12"	182	4.14834481042064e-05	0	0	0	0	0	0.00153488757985564	0	0	0	0	0	0	0.000124450344312619	0	0	0	0	0.000165933792416826	0	0	0	0	0	0	0	0.986103044885091	4.14834481042064e-05	0.0117398158134904	0	0	0	0	4.14834481042064e-05	0	8.29668962084128e-05	4.14834481042064e-05	0	0	8.29668962084128e-05
"S125"	4	"D"	"Otrad"	"D.Otrad.13"	"K"	2016	2	4	19	2	"Feb"	"Feb2K"	0.03	"D.Otrad.13"	182	0	0	0	0	0	0	0.00183409754064193	0	0	0	0	0	0	5.55787133527859e-05	0	0	0	0	0	0	0	0	0	0	0	0	0.996693066555509	0	0.00133388912046686	0	0	0	0	2.77893566763929e-05	0	0	5.55787133527859e-05	0	0	0
"S126"	4	"D"	"Otrad"	"D.Otrad.14"	"S"	2016	2	4	19	2	"Feb"	"Feb2S"	0.03	"D.Otrad.14"	182	0	0	0	0	0	0	0.0597613276151408	0	0	0	0	0	0	0	0	0	0	0	0	0	0	0	0	0	0	9.3231400335633e-05	0.924575797128473	0	0.0154764124557151	0	0	0	0	9.3231400335633e-05	0	0	0	0	0	0
"S127"	4	"D"	"Otrad"	"D.Otrad.15"	"S"	2016	2	4	19	2	"Feb"	"Feb2S"	0.03	"D.Otrad.15"	182	0	0	0	0	0	0	0.0249223602484472	0	0	0	0.00031055900621118	0	0	7.7639751552795e-05	0	0	0	0	0	0	0	0	0	0	0	0	0.959083850931677	0	0.0154503105590062	0	0	0	0	7.7639751552795e-05	0	0	0	0	0	7.7639751552795e-05
"S128"	4	"D"	"Otrad"	"D.Otrad.16"	"S"	2016	2	4	19	2	"Feb"	"Feb2S"	0.03	"D.Otrad.16"	182	0	0	0	0	0	0	0.0389593940775642	0	0	0	0	0	0	0.000101324822048281	0	0	0	0	0	0	0	2.53312055120703e-05	0	0	0	2.53312055120703e-05	0.944600653545102	0	0.0160093218836284	0	0	0	0	0	0	0	2.53312055120703e-05	0	0	0.000253312055120703
"S129"	4	"D"	"Otrad"	"D.Otrad.17"	"S"	2016	2	4	19	2	"Feb"	"Feb2S"	0.03	"D.Otrad.17"	182	0	9.18189330639978e-05	0	0	0	0	0.197318887154531	0	0	0	0.000550913598383987	0	0	0.000275456799191993	0	9.18189330639978e-05	0	0	0	0	0	0	0	0	0	0	0.74208061702323	0	0.0594986686254706	0	0	0	0	0	0	9.18189330639978e-05	0	0	0	0
"S131"	4	"D"	"Otrad"	"D.Otrad.19"	"W"	2015	12	2	17	2	"Dec"	"Dec2W"	0.03	"D.Otrad.19"	182	0	0	0	0	0	0	0.295964125560538	0	0	0	0	0	0	0	0	0	0	0	0	0	0	0	0	0	0	0	0.576233183856502	0	0.12780269058296	0	0	0	0	0	0	0	0	0	0	0
"S132"	4	"D"	"Otrad"	"D.Otrad.20"	"W"	2015	12	2	17	2	"Dec"	"Dec2W"	0.03	"D.Otrad.20"	182	0	0.00605449041372351	0	0	0	0	0.113824419778002	0	0	0	0	0	0	0	0	0	0	0	0	0	0	0	0	0	0	0.000201816347124117	0.397780020181635	0	0.475882946518668	0	0	0	0	0	0	0	0.000201816347124117	0	0	0.00605449041372351
"S133"	4	"D"	"Otrad"	"D.Otrad.21"	"W"	2015	12	2	17	2	"Dec"	"Dec2W"	0.03	"D.Otrad.21"	182	0	0	0	0	0	0	0.160272204622785	0	0	0	0	0	0	0.000117329578786812	0	0	0	0	0	0	0	0	0	0	0	0	0.348234189839258	0	0.490320309750088	0	0	0	0	0	0	0	0	0	0	0.00105596620908131
"S134"	4	"D"	"Otrad"	"D.Otrad.22"	"C"	2015	12	2	17	2	"Dec"	"Dec2C"	0.03	"D.Otrad.22"	182	0	0.00227596017069701	0	0	0	0	0.433285917496444	0	0	0	0	0	0	0.000284495021337127	0	0	0	0	0	0	0	0	0	0	0	0	0.252916073968706	0	0.310099573257468	0	0.00113798008534851	0	0	0	0	0	0	0	0	0
"S135"	4	"D"	"Otrad"	"D.Otrad.23"	"C"	2015	12	2	17	2	"Dec"	"Dec2C"	0.03	"D.Otrad.23"	182	0	0	0	0	3.3325557369947e-05	0	0.00589862365448062	0	0	0	0	0	0	6.6651114739894e-05	0	0	0	0	0	0	0	0	0	0	0	3.3325557369947e-05	0.991668610657513	0	0.0022661379011564	0	0	0	0	0	0	0	0	0	0	3.3325557369947e-05
"S136"	4	"D"	"Otrad"	"D.Otrad.24"	"C"	2016	12	2	14	3	"Dec"	"Dec3C"	0.03	"D.Otrad.24"	182	0	0.000919399325773828	0	0	0.000306466441924609	0	0.178363469200123	0	0	0	0	0	0	0.000306466441924609	0	0	0	0	0	0	0	0.000306466441924609	0	0	0	0.000306466441924609	0.702421084891204	0	0.117070180815201	0	0	0	0	0	0	0	0	0	0	0
"S137"	4	"D"	"Otrad"	"D.Otrad.25"	"C"	2016	12	2	14	3	"Dec"	"Dec3C"	0.03	"D.Otrad.25"	182	0	0	0	0	0	0	0.017576024680476	0	0	0	1.76289114147201e-05	0	0	0	0	0	0	0	1.76289114147201e-05	0	0	0	0	0	0	1.76289114147201e-05	0.972375495813134	0	0.00996033494931688	0	0	0	0	3.52578228294403e-05	0	0	0	0	0	0
"S138"	4	"D"	"Otrad"	"D.Otrad.26"	"K"	2015	12	2	17	2	"Dec"	"Dec2K"	0.03	"D.Otrad.26"	182	0	0	0	0	0	0	0.0857575248024214	0	0	0	0	0	0	0	0	0	0	0	0	0	0	0.000168152009416513	0	0	0	0	0.76324197074155	0	0.150664200437195	0	0	0	0	0.000168152009416513	0	0	0	0	0	0
"S139"	4	"D"	"Otrad"	"D.Otrad.27"	"K"	2015	12	2	17	2	"Dec"	"Dec2K"	0.03	"D.Otrad.27"	182	0	0	0	0	0	0	0.0528574214940511	0	0	0	0	0	0	0.000390091671542813	0	0	0	0	0	0	0	0.000195045835771406	0	0	0	0	0.835576360444704	0	0.0947922761849034	0	0	0	0	0	0	0	0	0	0	0.0161888043690267
"S140"	4	"D"	"Otrad"	"D.Otrad.28"	"K"	2015	12	2	17	2	"Dec"	"Dec2K"	0.03	"D.Otrad.28"	182	0	0	0	0	0	0	0.015661252900232	0	0	0	0.00116009280742459	0	0	0.000290023201856148	0	0	0	0	0	0	0	0	0	0	0	0	0.944895591647332	0	0.0368329466357309	0	0	0	0	0	0	0.000870069605568445	0.000290023201856148	0	0	0
"S141"	4	"D"	"Otrad"	"D.Otrad.29"	"K"	2015	12	2	17	2	"Dec"	"Dec2K"	0.03	"D.Otrad.29"	182	0	0.00841784317624445	0	0	0	0	0.0183601776363757	0	0	0	6.62822297342083e-05	0	0	6.62822297342083e-05	0	0	0	0	6.62822297342083e-05	0	0	0	0	0	0	6.62822297342083e-05	0.747729833631603	0	0.224033936501624	0	0	0	0	0	0	0	0	0	0	0.00119308013521575
"S142"	4	"D"	"Otrad"	"D.Otrad.30"	"S"	2015	12	2	17	2	"Dec"	"Dec2S"	0.03	"D.Otrad.30"	182	0	0	0	0	0	0	0.039568345323741	0	0	0.000211595429538722	0	0	0	0	0	0	0	0	0	0	0	0	0	0	0	0.000211595429538722	0.756453660600931	0	0.197206940330089	0	0	0	0	0	0	0	0	0	0	0.00634786288616166
"S143"	4	"D"	"Otrad"	"D.Otrad.31"	"S"	2015	12	2	17	2	"Dec"	"Dec2S"	0.03	"D.Otrad.31"	182	0	0	0	0	0	0	0.0664655605832076	0	0	0	0	0	0	0	0	0	0	0	0	0	0	0	0	0	0	0	0.843137254901961	0	0.077124183006536	0	0.0131724484665661	0	0	0	0	0	0.000100553041729512	0	0	0
"S144"	4	"D"	"Otrad"	"D.Otrad.32"	"S"	2015	12	2	17	2	"Dec"	"Dec2S"	0.03	"D.Otrad.32"	182	0	0	0	0	0	0	0.0063009562154001	0	0	0	0	0	0	0	0	0	0	0	0	0	0	2.01308505284348e-05	0	0	0	0	0.991746351283342	0	0.00189229994967287	0	0	0	0	2.01308505284348e-05	0	2.01308505284348e-05	0	0	0	0
"S145"	4	"D"	"Otrad"	"D.Otrad.33"	"S"	2015	12	2	17	2	"Dec"	"Dec2S"	0.03	"D.Otrad.33"	182	0	0	0	0	0	0	0.00363260799886036	0	0	0	0	0	0	0.000178069019551978	0	0	0	0	0	3.56138039103957e-05	0	0	0	0	0	7.12276078207913e-05	0.880622529292354	0	0.113892944905445	0	0	0	0	0	0	3.56138039103957e-05	0	0	0	0.00153139356814701
"S149"	4	"D"	"Otrad"	"D.Otrad.37"	"W"	2016	3	5	24	2	"Mar"	"Mar2W"	0.03	"D.Otrad.37"	182	0	0	0	0	0	0	0.494069512749514	0	0	0	0	0	0	0.00020663718642807	0	4.13274372856139e-05	0	0	0	0	0	8.26548745712278e-05	0	0	0	4.13274372856139e-05	0.505269248253916	4.13274372856139e-05	0	0	0	0	0.000165309749142456	0	0	4.13274372856139e-05	4.13274372856139e-05	0	0	0
"S15"	2	"B"	"Otrad"	"B.Otrad.3"	"W"	2015	1	3	15	1	"Jan"	"Jan1W"	0.03	"B.Otrad.3"	182	0	0	0	0	0	0	0.00878191575865995	0	0	0	0	0	0	0	0	0	0	0	0	0	0	0	0	0	0	0	0.98715238250122	0	0.00406570174012034	0	0	0	0	0	0	0	0	0	0	0
"S150"	4	"D"	"Otrad"	"D.Otrad.38"	"W"	2016	3	5	24	2	"Mar"	"Mar2W"	0.03	"D.Otrad.38"	182	0	0	0	0	0	0	0.989369779802582	0	0	6.90274038793401e-05	0	0	0	6.90274038793401e-05	0	0	0	0	0	0	6.90274038793401e-05	0	0	0	0	0.00013805480775868	0.00842134327327949	0	0	0	0	0	0	0.00179471250086284	0	0	6.90274038793401e-05	0	0	0
"S151"	4	"D"	"Otrad"	"D.Otrad.39"	"W"	2016	3	5	24	2	"Mar"	"Mar2W"	0.03	"D.Otrad.39"	182	0	0	0	0	0	0	0.994701313783843	0	0	7.25847426870872e-05	0	0	0	0.000362923713435436	0	0	0	0	7.25847426870872e-05	0	0	7.25847426870872e-05	0	0	0	0	0.00464542353197358	0	7.25847426870872e-05	0	0	0	0	0	0	0	0	0	0	0
"S152"	4	"D"	"Otrad"	"D.Otrad.40"	"W"	2015	3	5	4	1	"Mar"	"Mar1W"	0.03	"D.Otrad.40"	182	0	0	0	0	0	0	0.959517732993048	0	0	0	0	0	0	0.00026401478482795	0	0	0	0	0	0	0	0	0	0	0	0	0.0400422423655725	0	0	0	0	0	0	0	0	0	0.000176009856551967	0	0	0
"S153"	4	"D"	"Otrad"	"D.Otrad.41"	"C"	2016	3	5	24	2	"Mar"	"Mar2C"	0.03	"D.Otrad.41"	182	6.28061801281246e-05	0	0.000188418540384374	0.0076623539756312	0.0309006406230373	0.000314030900640623	0.64332370305238	0	0.000125612360256249	0.000879286521793744	0	0	0	0.000188418540384374	0	0	0	0.00270066574550936	0.202549930913202	0.0545785705313403	0	0.000251224720512498	0	0	0	0	0.00370556462755935	0.00552694385127496	0	0.000251224720512498	0	0	0	0.0045848511493531	0.000125612360256249	0.0357367164929029	0.00609219947242809	0.000125612360256249	0.000125612360256249	0
"S154"	4	"D"	"Otrad"	"D.Otrad.42"	"C"	2016	3	5	24	2	"Mar"	"Mar2C"	0.03	"D.Otrad.42"	182	0	0	0	0	0	0	0.660956713341389	0	0	6.46165974192131e-06	0	0	0	0.000103386555870741	0	1.29233194838426e-05	0	0	2.58466389676852e-05	0	6.46165974192131e-06	1.29233194838426e-05	0	0	0	1.29233194838426e-05	0.338791281928676	0	6.46165974192131e-06	0	0	0	6.46165974192131e-06	0	0	1.93849792257639e-05	3.87699584515279e-05	0	0	0
"S155"	4	"D"	"Otrad"	"D.Otrad.43"	"C"	2016	3	5	24	2	"Mar"	"Mar2C"	0.03	"D.Otrad.43"	182	0	0	0	4.23074482262602e-06	0	0	0.661921181223954	0	0	1.26922344678781e-05	0	0	0.000122691599856155	0.000139614579146659	0	8.46148964525205e-06	8.46148964525205e-06	0	1.26922344678781e-05	0	2.11537241131301e-05	2.11537241131301e-05	0	0	0	2.96152137583822e-05	0.337613436845557	0	4.23074482262602e-06	8.46148964525205e-06	0	0	3.38459585810082e-05	4.23074482262602e-06	0	1.69229792905041e-05	1.69229792905041e-05	0	0	0
"S156"	4	"D"	"Otrad"	"D.Otrad.44"	"C"	2016	3	5	24	2	"Mar"	"Mar2C"	0.03	"D.Otrad.44"	182	0	0	0	0	0	0	0.750276951781237	0	0	0	0	0	0	0.000116611276310419	0	0	0	0	0	0	0	0	0	0	0	0.000116611276310419	0.249431520027987	0	0	0	0	0	5.83056381552096e-05	0	0	0	0	0	0	0
"S157"	4	"D"	"Otrad"	"D.Otrad.45"	"K"	2016	3	5	24	2	"Mar"	"Mar2K"	0.03	"D.Otrad.45"	182	0	0	0	0	0	0	0.171290668573472	0	0	0	0	0	0	0.000107257776188774	0	3.57525920629246e-05	0	0	0	0	0	3.57525920629246e-05	0	0	0	0.000143010368251698	0.828173042545585	0	7.15051841258491e-05	0	0	0	3.57525920629246e-05	3.57525920629246e-05	0	3.57525920629246e-05	3.57525920629246e-05	0	0	0
"S158"	4	"D"	"Otrad"	"D.Otrad.46"	"K"	2016	3	5	24	2	"Mar"	"Mar2K"	0.03	"D.Otrad.46"	182	0	0	0	0	0	0	0.984359577860451	0	0	0	0	0	7.59243793181991e-05	7.59243793181991e-05	0	0	0	0	0	0	0	0	0	0	0	0	0.015260800242958	0	0	0	0	0	7.59243793181991e-05	0	0	0	0.000151848758636398	0	0	0
"S159"	4	"D"	"Otrad"	"D.Otrad.47"	"K"	2016	3	5	24	2	"Mar"	"Mar2K"	0.03	"D.Otrad.47"	182	0	0	0	0	0	0	0.877205500778412	0	0	0	0	0	0	0.000129735339906591	0	0	0	0	0	0	0	0	0	0	0	0	0.122664763881681	0	0	0	0	0	0	0	0	0	0	0	0	0
"S16"	2	"B"	"Otrad"	"B.Otrad.4"	"W"	2015	1	3	15	1	"Jan"	"Jan1W"	0.03	"B.Otrad.4"	182	0	0	0	0	0	0	0.0402222396118632	0	0	0	0	0	0	0	0	0	0	0	0	0	0	0	0	0	0	0	0.957821425776665	0	0.00187808122701307	0	0	0	0	0	0	7.82533844588778e-05	0	0	0	0
"S160"	4	"D"	"Otrad"	"D.Otrad.48"	"K"	2016	3	5	24	2	"Mar"	"Mar2K"	0.03	"D.Otrad.48"	182	0	0	0	0	0	0	0.0163852444549038	0	0	2.94169559334e-05	0	0	0	0	0	0	0	0	0	0	0	0	0	0	0	0	0.983555921633229	0	0	0	0	0	0	0	0	0	2.94169559334e-05	0	0	0
"S161"	4	"D"	"Otrad"	"D.Otrad.49"	"S"	2016	3	5	24	2	"Mar"	"Mar2S"	0.03	"D.Otrad.49"	182	0	0	0	0	0	0	0.0279541970403279	0	0	0	0	0	0	1.56430873197134e-05	0	0	0	0	0	0	0	0	0	0	0	3.12861746394268e-05	0.971420079466884	0	0.000500578794230829	0	0	0	0	3.12861746394268e-05	0	1.56430873197134e-05	3.12861746394268e-05	0	0	0
"S162"	4	"D"	"Otrad"	"D.Otrad.50"	"S"	2016	3	5	24	2	"Mar"	"Mar2S"	0.03	"D.Otrad.50"	182	0	0	0	0	0	0	0.77187256084581	0	0	0	0	0	0	0.00127722983041226	0	0.000141914425601362	0	0	0	0	0.000780529340807493	0.000283828851202725	0	0	0	0	0.225289150642163	0	0.000141914425601362	0	0	0	7.09572128006812e-05	0	0	0	0	0	0	0.000141914425601362
"S163"	5	"E"	"Otrad"	"E.Otrad.1"	"W"	2017	2	4	15	3	"Feb"	"Feb3W"	0.03	"E.Otrad.1"	182	3.51666901111267e-05	0	0	0	0	0	0.000175833450555634	0	0	0	0	0	0	0.00010550007033338	0	0	0	0	0	0	0	3.51666901111267e-05	0	0	0	3.51666901111267e-05	0.997327331551554	0	0.00218033478688986	7.03333802222535e-05	0	0	0	0	0	3.51666901111267e-05	0	0	0	0
"S164"	5	"E"	"Otrad"	"E.Otrad.2"	"W"	2017	2	4	15	3	"Feb"	"Feb3W"	0.03	"E.Otrad.2"	182	2.57549417294443e-05	0	0	0	0	0	0	0	0	3.86324125941665e-05	0	0	0	0.000927177902259996	0	0.000167407121241388	0	1.28774708647222e-05	1.28774708647222e-05	0	1.28774708647222e-05	0	0	0	0	1.28774708647222e-05	0.998622110617475	0	5.15098834588887e-05	2.57549417294443e-05	0	0	5.15098834588887e-05	0	0	1.28774708647222e-05	2.57549417294443e-05	0	0	0
"S165"	5	"E"	"Otrad"	"E.Otrad.3"	"W"	2017	2	4	15	3	"Feb"	"Feb3W"	0.03	"E.Otrad.3"	182	0	0	0	0	0	0	0	0	0	0	0	0	0	3.54735721887194e-05	0	0	0	0	0	0	0	0	0	0	0	1.77367860943597e-05	0.999272791770131	0	0.00060305072720823	0	0	0	0	1.77367860943597e-05	0	1.77367860943597e-05	3.54735721887194e-05	0	0	0
"S166"	5	"E"	"Otrad"	"E.Otrad.4"	"W"	2017	2	4	15	3	"Feb"	"Feb3W"	0.03	"E.Otrad.4"	182	9.16926462497708e-05	0	0	0	0	0	0.00311754997249221	0	0	0	0	0	0	0	0	0	0	0	0	0	0	0	0	0	0	9.16926462497708e-05	0.717494956904456	0	0.279112415184302	0	0	0	0	0	0	9.16926462497708e-05	0	0	0	0
"S167"	5	"E"	"Otrad"	"E.Otrad.5"	"C"	2017	2	4	15	3	"Feb"	"Feb3C"	0.03	"E.Otrad.5"	182	0	0	0	0	0	0	0.00206130130847822	0	0	0	0	0	0	0.000179243592041585	0	8.96217960207923e-05	0	0	0	0	0	0	0	0	0	8.96217960207923e-05	0.35750134432694	0	0.639899623588457	0	0	0	0	0	0	8.96217960207923e-05	8.96217960207923e-05	0	0	0
"S168"	5	"E"	"Otrad"	"E.Otrad.6"	"C"	2017	2	4	15	3	"Feb"	"Feb3C"	0.03	"E.Otrad.6"	182	0	0	0	0	0	0	0.00790861159929701	0	0	0	0	0	0	0	0	0	0	0	0.000219683655536028	0	0	0	0	0	0	0	0.791666666666667	0	0.199765670767428	0	0	0	0	0.000146455770357352	0	0.000219683655536028	7.3227885178676e-05	0	0	0
"S169"	5	"E"	"Otrad"	"E.Otrad.7"	"C"	2017	2	4	15	3	"Feb"	"Feb3C"	0.03	"E.Otrad.7"	182	0	0	0	0	0	0	0.0149551345962114	0	0	0	0	0	0	0	0	0	0	0	0	0	0	0	0	0	0	0	0.829622244377977	0	0.155201063476238	0	0	0	0	0	0	0	0.000221557549573502	0	0	0
"S170"	5	"E"	"Otrad"	"E.Otrad.8"	"C"	2017	2	4	15	3	"Feb"	"Feb3C"	0.03	"E.Otrad.8"	182	0	0	0	0.0460569052877745	0	0	0.00506690918539691	0	0	0.177861504482266	0	0.0117578277250877	0.00103936598674808	0.01591529167208	0.00422242432116409	0.124464076913083	0.0477458750162401	0	0.00597635442380148	0.00954917500324802	0.00630115629466026	0	0	0	0.00863972976484345	0	0.238859295829544	0	0.162790697674419	0.115369624529037	0	0.00636611666883201	0.00142912823177861	0	0	0	0.0105885409899961	0	0	0
"S171"	5	"E"	"Otrad"	"E.Otrad.9"	"K"	2017	2	4	15	3	"Feb"	"Feb3K"	0.03	"E.Otrad.9"	182	0	0	0	0	0	0	0.00766283524904215	0	0	0	0	0	0	0	0	0	0	0	0	0	0	0	0	0	0	0.000478927203065134	0.3227969348659	0	0.668582375478927	0	0	0	0	0	0	0.000478927203065134	0	0	0	0
"S172"	5	"E"	"Otrad"	"E.Otrad.10"	"K"	2017	2	4	15	3	"Feb"	"Feb3K"	0.03	"E.Otrad.10"	182	0	0	0	0	0	0	0.00717633274751025	0	0	0	0	0.000146455770357352	0	0.000439367311072056	0	0	0	0	0.000146455770357352	0	0	0	0	0	0	0.000146455770357352	0.930579964850615	0	0.0606326889279438	0	0	0	0.000146455770357352	0.000292911540714704	0	0.000292911540714704	0	0	0	0
"S173"	5	"E"	"Otrad"	"E.Otrad.11"	"K"	2017	2	4	15	3	"Feb"	"Feb3K"	0.03	"E.Otrad.11"	182	0	0	0	0	0	0	0	0	0	0	0	0	0	4.17286801218477e-05	0	2.78191200812318e-05	0	0	0	0	0	0	0	0	0	0	0.999846994839553	0	0	1.39095600406159e-05	0	0	1.39095600406159e-05	2.78191200812318e-05	0	1.39095600406159e-05	1.39095600406159e-05	0	0	0
"S175"	5	"E"	"Otrad"	"E.Otrad.13"	"S"	2017	2	4	15	3	"Feb"	"Feb3S"	0.03	"E.Otrad.13"	182	0	0	0	0	0	0	0.0143646408839779	0	0	0	0	0	0	0	0	0	0	0	0	0	0	0	0	0	0	0	0.314917127071823	0	0.670718232044199	0	0	0	0	0	0	0	0	0	0	0
"S176"	5	"E"	"Otrad"	"E.Otrad.14"	"S"	2017	2	4	15	3	"Feb"	"Feb3S"	0.03	"E.Otrad.14"	182	0	0	0	0	0	0	0.0290065264684554	0	0	0	0	0	0	0.000725163161711385	0	0	0	0	0	0	0	0	0	0	0	0	0.232052211747643	0	0.737490935460479	0	0	0	0	0	0	0.000725163161711385	0	0	0	0
"S177"	5	"E"	"Otrad"	"E.Otrad.15"	"S"	2017	2	4	15	3	"Feb"	"Feb3S"	0.03	"E.Otrad.15"	182	0	0	0	0	0	0	0.0099009900990099	0	0	0	0	0	0	0.000366703337000367	0	0	0	0	0	0	0	0	0	0	0	0	0.0964429776310964	0	0.892555922258893	0	0	0	0	0.000733406674000733	0	0	0	0	0	0
"S178"	5	"E"	"Otrad"	"E.Otrad.16"	"S"	2017	2	4	15	3	"Feb"	"Feb3S"	0.03	"E.Otrad.16"	182	0	0	0	0.0011454753722795	0	0	0.104238258877434	0	0	0	0	0	0	0.00229095074455899	0	0.00572737686139748	0	0	0.0011454753722795	0	0	0	0	0	0	0.0011454753722795	0.0973654066437572	0	0.784650630011455	0.0011454753722795	0	0	0.0011454753722795	0	0	0	0	0	0	0
"S179"	5	"E"	"Otrad"	"E.Otrad.17"	"W"	2015	3	5	4	1	"Mar"	"Mar1W"	0.03	"E.Otrad.17"	182	0	0	0	0	0	0	0.000184577522559475	0	0	0	0	0	0	2.05086136177194e-05	0	6.15258408531583e-05	0	0	6.15258408531583e-05	0	0	0	0	0	0	2.05086136177194e-05	0.998872026251025	0	0.000676784249384742	0	0	0	2.05086136177194e-05	0	0	2.05086136177194e-05	6.15258408531583e-05	0	0	0
"S18"	2	"B"	"Otrad"	"B.Otrad.6"	"C"	2015	1	3	15	1	"Jan"	"Jan1C"	0.03	"B.Otrad.6"	182	0	0	0	0	0	0	0.368641268443074	0	0	0	0	0	0	0	0	0	0	0	0	0	0	0	0	0	0	0	0.321735300594583	0	0.309623430962343	0	0	0	0	0	0	0	0	0	0	0
"S180"	5	"E"	"Otrad"	"E.Otrad.18"	"W"	2017	3	5	16	3	"Mar"	"Mar3W"	0.03	"E.Otrad.18"	182	0	0	0	0	0	0	0.000934377919931	0	0	0	0	0	0	9.58336328134359e-05	0	0	0	2.3958408203359e-05	0	0	0	0	0	0	0	4.79168164067179e-05	0.994633316562448	0	0.00412084621097774	0	0	0	0	2.3958408203359e-05	0	0	0.000119792041016795	0	0	0
"S181"	5	"E"	"Otrad"	"E.Otrad.19"	"W"	2017	3	5	16	3	"Mar"	"Mar3W"	0.03	"E.Otrad.19"	182	0	0	0	0	0	0	0.000697271643536742	0	2.24926336624755e-05	2.24926336624755e-05	0	0	0	4.49852673249511e-05	0	2.24926336624755e-05	0	0	4.49852673249511e-05	0	0	0	0	0	0	6.74779009874266e-05	0.998133111406014	2.24926336624755e-05	0.000787242178186644	2.24926336624755e-05	0	0	2.24926336624755e-05	0	0	4.49852673249511e-05	2.24926336624755e-05	0	2.24926336624755e-05	0
"S182"	5	"E"	"Otrad"	"E.Otrad.20"	"W"	2017	3	5	16	3	"Mar"	"Mar3W"	0.03	"E.Otrad.20"	182	6.71321160042965e-05	0	0	0	0	0	0.00140977443609023	0	0	6.71321160042965e-05	0	0	0	6.71321160042965e-05	0	6.71321160042965e-05	0	0	0	0	0	6.71321160042965e-05	0	0	0	0	0.993488184747583	0	0.00449785177228786	0	0	0	0	6.71321160042965e-05	0	6.71321160042965e-05	0.000134264232008593	0	0	0
"S183"	5	"E"	"Otrad"	"E.Otrad.21"	"C"	2017	3	5	16	3	"Mar"	"Mar3C"	0.03	"E.Otrad.21"	182	0	0	0	3.09597523219814e-05	0	3.09597523219814e-05	0.00201238390092879	0	0	0	0	0	0	6.19195046439628e-05	0	6.19195046439628e-05	0	6.19195046439628e-05	0	0	0	0	0	0	0	0.000185758513931889	0.978080495356037	3.09597523219814e-05	0.0187306501547988	0	0	0	3.09597523219814e-05	0	0	0	0.00021671826625387	0	0	0.000464396284829721
"S184"	5	"E"	"Otrad"	"E.Otrad.22"	"C"	2017	3	5	16	3	"Mar"	"Mar3C"	0.03	"E.Otrad.22"	182	0	0	0	0	0	0	0.00797390358825661	0	0	0	0	0	0	9.06125407756433e-05	0	0	0	0	0	0	0	0	0	0	0	0	0.731424429140993	0	0.260420442189199	0	0	0	9.06125407756433e-05	0	0	0	0	0	0	0
"S185"	5	"E"	"Otrad"	"E.Otrad.23"	"C"	2017	3	5	16	3	"Mar"	"Mar3C"	0.03	"E.Otrad.23"	182	0	0	0	0	0	0	0.000211220693128828	0	0	4.87432368758835e-05	0	0	0	4.87432368758835e-05	0	0	0	1.62477456252945e-05	4.87432368758835e-05	0	0	0	0	0	0	4.87432368758835e-05	0.997497847173705	0	0.00199847271191122	1.62477456252945e-05	0	1.62477456252945e-05	0	1.62477456252945e-05	0	1.62477456252945e-05	1.62477456252945e-05	0	0	0
"S186"	5	"E"	"Otrad"	"E.Otrad.24"	"C"	2017	3	5	16	3	"Mar"	"Mar3C"	0.03	"E.Otrad.24"	182	0	0	0	0.000132996409096954	0	0	0.00571884559116904	0	0	0	0	0	0	0.000664982045484772	0	0.000132996409096954	0	0	0.000265992818193909	0	0	0	0	0	0	0	0.848251097220375	0	0.144434100279292	0	0	0	0.000132996409096954	0	0	0	0.000265992818193909	0	0	0
"S187"	5	"E"	"Otrad"	"E.Otrad.25"	"K"	2017	3	5	16	3	"Mar"	"Mar3K"	0.03	"E.Otrad.25"	182	0	0	0	0	0	0	0.000413607693103092	0	0	0	0	0	0	0	0	0	0	0	0	0	0	0	0	0	0	0	0.998965980767242	0	0.000517009616378865	0	0	0	2.06803846551546e-05	6.20411539654638e-05	0	0	2.06803846551546e-05	0	0	0
"S188"	5	"E"	"Otrad"	"E.Otrad.26"	"K"	2017	3	5	16	3	"Mar"	"Mar3K"	0.03	"E.Otrad.26"	182	2.09560133280245e-05	0	0	0	0	0	0.000104780066640122	0	0	0	0	0	0	0.000104780066640122	0	0	0	0	2.09560133280245e-05	0	0	2.09560133280245e-05	0	0	0	2.09560133280245e-05	0.999476099666799	0	8.38240533120979e-05	0	0	0	0	4.1912026656049e-05	0	4.1912026656049e-05	6.28680399840734e-05	0	0	0
"S189"	5	"E"	"Otrad"	"E.Otrad.27"	"K"	2017	3	5	16	3	"Mar"	"Mar3K"	0.03	"E.Otrad.27"	182	0	0	0	0	0	0	0.00145765511879889	0	0	0	0	0	0	6.47846719466174e-05	0	0	0	0	4.85885039599631e-05	0	0	0	0	0	0	0	0.998088852177575	0	0.000275334855773124	1.61961679866544e-05	0	0	1.61961679866544e-05	3.23923359733087e-05	0	0	0	0	0	0
"S190"	5	"E"	"Otrad"	"E.Otrad.28"	"K"	2017	3	5	16	3	"Mar"	"Mar3K"	0.03	"E.Otrad.28"	182	1.37737252417289e-05	0	0	6.88686262086444e-05	0	0	0	0	0	2.75474504834578e-05	0	0	0	2.75474504834578e-05	0	0	0	1.37737252417289e-05	0.000151510977659018	1.37737252417289e-05	0	0	0	0	0	2.75474504834578e-05	0.999545467067023	0	0	0	0	0	0	1.37737252417289e-05	0	2.75474504834578e-05	6.88686262086444e-05	0	0	0
"S191"	5	"E"	"Otrad"	"E.Otrad.29"	"S"	2017	3	5	16	3	"Mar"	"Mar3S"	0.03	"E.Otrad.29"	182	4.62192641893141e-05	0	0	4.62192641893141e-05	0	0	0.0137271214642263	0	0	4.62192641893141e-05	0	0	0	4.62192641893141e-05	0	4.62192641893141e-05	0	0	0	0	0	0	0	0	0	0.000138657792567942	0.905758920317989	0	0.078572749121834	0	0	4.62192641893141e-05	0	0	0	4.62192641893141e-05	4.62192641893141e-05	0	0	0.00143279718986874
"S192"	5	"E"	"Otrad"	"E.Otrad.30"	"S"	2017	3	5	16	3	"Mar"	"Mar3S"	0.03	"E.Otrad.30"	182	0	0	0	0	0	0	0.0205909797822706	0	0	0	0.000186625194401244	0	0	0.000186625194401244	0	0.000124416796267496	0	6.22083981337481e-05	0	0	0	0	0	0	0	0	0.690139968895801	0	0.288584758942457	0	0	0	0	0	0	6.22083981337481e-05	6.22083981337481e-05	0	0	0
"S193"	5	"E"	"Otrad"	"E.Otrad.31"	"S"	2017	3	5	16	3	"Mar"	"Mar3S"	0.03	"E.Otrad.31"	182	0	0	0	0	0	0	0.0275051425213047	0	5.87716720540699e-05	0	0	0	0	5.87716720540699e-05	0	5.87716720540699e-05	0	0	0	0	0	0	0	0	0	0	0.866411989421099	0	0.105906553041434	0	0	0	0	0	0	0	0	0	0	0
"S194"	5	"E"	"Otrad"	"E.Otrad.32"	"S"	2017	3	5	16	3	"Mar"	"Mar3S"	0.03	"E.Otrad.32"	182	0	0	0	0	0	0	0.0367678864953716	0	0	0	0	0	0	8.65126741067566e-05	0	0	8.65126741067566e-05	0	8.65126741067566e-05	0	0	0	0	0	0	8.65126741067566e-05	0.74980534648326	0	0.212734665628515	0	0	0	0	0.00025953802232027	0	0	8.65126741067566e-05	0	0	0
"S195"	5	"E"	"Otrad"	"E.Otrad.33"	"W"	2016	12	2	14	3	"Dec"	"Dec3W"	0.03	"E.Otrad.33"	182	0	0	0	0.000896057347670251	0	0	0.244623655913978	0	0	0.000896057347670251	0	0	0	0.00268817204301075	0	0	0	0	0	0	0	0	0	0	0	0	0.75	0	0	0.000896057347670251	0	0	0	0	0	0	0	0	0	0
"S196"	5	"E"	"Otrad"	"E.Otrad.34"	"W"	2016	12	2	14	3	"Dec"	"Dec3W"	0.03	"E.Otrad.34"	182	0	0	0	0	0	0	0.352595494613124	0	0	0	0	0	0	0.0019588638589618	0	0.000979431929480901	0	0	0	0	0	0	0	0	0	0	0.6307541625857	0	0.0137120470127326	0	0	0	0	0	0	0	0	0	0	0
"S197"	5	"E"	"Otrad"	"E.Otrad.35"	"W"	2016	12	2	14	3	"Dec"	"Dec3W"	0.03	"E.Otrad.35"	182	0	0	0.00102880658436214	0.00102880658436214	0	0	0.220164609053498	0	0	0	0	0	0	0.00205761316872428	0	0.00205761316872428	0	0	0	0	0.00102880658436214	0	0	0	0	0.00308641975308642	0.289094650205761	0	0.475308641975309	0	0	0	0.00102880658436214	0.00205761316872428	0	0	0.00205761316872428	0	0	0
"S198"	5	"E"	"Otrad"	"E.Otrad.36"	"W"	2016	12	2	14	3	"Dec"	"Dec3W"	0.03	"E.Otrad.36"	182	0	0	0	0.000961538461538462	0	0	0.258653846153846	0	0	0	0	0	0	0	0	0	0	0.000961538461538462	0.00384615384615385	0	0	0	0	0	0	0	0.465384615384615	0	0.261538461538462	0	0	0	0.000961538461538462	0.00576923076923077	0	0.000961538461538462	0.000961538461538462	0	0	0
"S199"	5	"E"	"Otrad"	"E.Otrad.37"	"C"	2016	12	2	14	3	"Dec"	"Dec3C"	0.03	"E.Otrad.37"	182	0	0	0	0	0	0	0.367774237596723	0	0	0.000910332271279017	0.00227583067819754	0	0	0.00273099681383705	0	0.000910332271279017	0	0	0	0	0	0.000455166135639508	0	0	0	0.000455166135639508	0.568047337278107	0	0.052799271734183	0.000910332271279017	0	0	0.000910332271279017	0	0.000455166135639508	0	0.00136549840691853	0	0	0
"S2"	1	"A"	"Otrad"	"A.Otrad.34"	"W"	2015	2	4	17	1	"Feb"	"Feb1W"	0.03	"A.Otrad.34"	182	0	0	0	0	0	0	0.00226298237255836	0	0	0	0	0	0	0	0	0	0	0	0	0	0	0	0	0	0	0.000238208670795617	0.997498808956646	0	0	0	0	0	0	0	0	0	0	0	0	0
"S201"	5	"E"	"Otrad"	"E.Otrad.39"	"C"	2016	12	2	14	3	"Dec"	"Dec3C"	0.03	"E.Otrad.39"	182	0.000464468183929401	0	0	0	0	0	0.245703669298653	0	0	0	0	0	0	0.000928936367858802	0	0	0	0	0	0	0.000464468183929401	0.000464468183929401	0	0	0	0	0.683697166744078	0	0.0678123548536925	0	0	0	0	0	0	0.000464468183929401	0	0	0	0
"S203"	5	"E"	"Otrad"	"E.Otrad.41"	"K"	2016	12	2	14	3	"Dec"	"Dec3K"	0.03	"E.Otrad.41"	182	0.00851717397375035	0	0.00237363864842223	0.111002513264451	0	0.00286232895839151	0.0483105277855348	0	0.00767941915666015	0.00265289025411896	0	0	0	0.000279251605696733	0	0	0	0.0959229265568277	0.420692543982128	0.0111700642278693	0	0	0	0	0	0	0.0517313599553197	0.014870148003351	0.0074699804523876	0.000418877408545099	0	0	0.00132644512705948	0.11798380340687	0	0.0411896118402681	0.0281345992739458	0.00614353532532812	0.0192683607930746	0
"S204"	5	"E"	"Otrad"	"E.Otrad.42"	"K"	2016	12	2	14	3	"Dec"	"Dec3K"	0.03	"E.Otrad.42"	182	0	0	0	0	0	0	0.382063245204769	0	0	0	0	0	0.000518403317781234	0.00933125972006221	0	0	0	0	0	0	0	0	0	0	0	0	0.537065837221358	0	0.0684292379471229	0	0	0	0.00259201658890617	0	0	0	0	0	0	0
"S205"	5	"E"	"Otrad"	"E.Otrad.43"	"K"	2016	12	2	14	3	"Dec"	"Dec3K"	0.03	"E.Otrad.43"	182	0	0	0	0.12208850931677	0	0	0.0431547619047619	0.00556418219461698	0	0.297360248447205	0	0	0.00174689440993789	0.00394668737060041	0.0122282608695652	0.000194099378881988	0	0	0.00478778467908903	0.0179865424430642	0	0.000129399585921325	0	0	0.000323498964803313	0	0.138069358178054	0	0.00472308488612836	0.258216873706004	0	0.0553183229813665	0.00271739130434783	0	0	6.46997929606625e-05	0.0313793995859213	0	0	0
"S206"	5	"E"	"Otrad"	"E.Otrad.44"	"K"	2016	12	2	14	3	"Dec"	"Dec3K"	0.03	"E.Otrad.44"	182	0	0	0	0	0	0	0.245756718528996	0	0	0	0	0	0	0	0	0	0	0	0	0	0	0	0	0	0	0	0.723833097595474	0	0.0300565770862801	0	0	0	0	0	0.000353606789250354	0	0	0	0	0
"S207"	5	"E"	"Otrad"	"E.Otrad.45"	"S"	2016	12	2	14	3	"Dec"	"Dec3S"	0.03	"E.Otrad.45"	182	0.0004739336492891	0	0	0	0	0	0.30521327014218	0	0	0	0	0	0	0.000947867298578199	0	0.000947867298578199	0	0.0004739336492891	0.0004739336492891	0	0	0	0	0	0	0.0014218009478673	0.367772511848341	0	0.321327014218009	0	0	0	0	0.0004739336492891	0	0	0.0004739336492891	0	0	0
"S208"	5	"E"	"Otrad"	"E.Otrad.46"	"S"	2016	12	2	14	3	"Dec"	"Dec3S"	0.03	"E.Otrad.46"	182	0	0.0153668843641952	0	0	0	0	0.255474452554745	0	0	0	0	0	0	0	0	0	0	0	0	0	0.000384172109104879	0	0	0	0	0	0.389934690741452	0	0.338839800230503	0	0	0	0	0	0	0	0	0	0	0
"S209"	5	"E"	"Otrad"	"E.Otrad.47"	"S"	2016	12	2	14	3	"Dec"	"Dec3S"	0.03	"E.Otrad.47"	182	0	0	0	0	0	0	0.36028659160696	0	0	0	0	0	0	0.000341180484476288	0	0	0	0	0	0	0	0	0	0	0	0	0.610371886728079	0	0.0286591606960082	0.000341180484476288	0	0	0	0	0	0	0	0	0	0
"S21"	2	"B"	"Otrad"	"B.Otrad.9"	"K"	2015	1	3	15	1	"Jan"	"Jan1K"	0.03	"B.Otrad.9"	182	0	0	0	0	0	0	6.78702321161938e-05	0	0	0	0	0	0	0	0	0	0	0	0	0	0	0	0	0	0	0	0.999932129767884	0	0	0	0	0	0	0	0	0	0	0	0	0
"S210"	5	"E"	"Otrad"	"E.Otrad.48"	"S"	2016	12	2	14	3	"Dec"	"Dec3S"	0.03	"E.Otrad.48"	182	0	0	0	0	0	0	0.177899499880924	0	0	0.000238151940938319	0	0	0	0	0	0	0	0	0	0	0	0	0	0	0	0	0.374613003095975	0	0.447249345082162	0	0	0	0	0	0	0	0	0	0	0
"S211"	6	"F"	"Otrad"	"F.Otrad.1"	"W"	2016	11	1	15	3	"Nov"	"Nov3W"	0.03	"F.Otrad.1"	182	0	0	0	0	0	0	0.0313664596273292	0	0	0.00372670807453416	0.00031055900621118	0	0	0	0	0	0	0	0	0.00093167701863354	0	0	0	0	0	0	0.502173913043478	0	0.461490683229814	0	0	0	0	0	0	0	0	0	0	0
"S212"	6	"F"	"Otrad"	"F.Otrad.2"	"W"	2016	11	1	15	3	"Nov"	"Nov3W"	0.03	"F.Otrad.2"	182	0	0.00278256260765867	0	0	0	0	0.0192129322909765	0	0	0.000397508943951239	0	0	0.00013250298131708	0.00159003577580496	0	0	0	0	0	0	0	0	0	0	0	0	0.388233735259043	0	0.584205644627004	0.000795017887902478	0	0.00013250298131708	0.00251755664502451	0	0	0	0	0	0	0
"S213"	6	"F"	"Otrad"	"F.Otrad.3"	"W"	2016	11	1	15	3	"Nov"	"Nov3W"	0.03	"F.Otrad.3"	182	0	0.00375626043405676	0	0	0	0	0.0257929883138564	0	0	0	0.000667779632721202	0	0	8.34724540901503e-05	0	0	0	0	0	0	0	0	0	0	0	0	0.769949916527546	0	0.199582637729549	0	0	0	0.000166944908180301	0	0	0	0	0	0	0
"S214"	6	"F"	"Otrad"	"F.Otrad.4"	"W"	2016	11	1	15	3	"Nov"	"Nov3W"	0.03	"F.Otrad.4"	182	0	0	0	0	0	0	0.0640949554896142	0	0	0	0	0	0	0	0	0	0	0	0.000118694362017804	0	0	0	0	0	0	0	0.896379821958457	0	0.0392878338278932	0	0	0	0	0	0	0	0.000118694362017804	0	0	0
"S215"	6	"F"	"Otrad"	"F.Otrad.5"	"C"	2014	11	1	18	1	"Nov"	"Nov1C"	0.03	"F.Otrad.5"	182	0	0	0	0	0	0	0.0367553865652725	0	0	0.000950570342205323	0.00110899873257288	0	0	0	0	0	0	0	0	0.000316856780735108	0	0	0	0	0	0	0.135139416983523	0	0.825570342205323	0	0	0	0.000158428390367554	0	0	0	0	0	0	0
"S216"	6	"F"	"Otrad"	"F.Otrad.6"	"C"	2016	11	1	15	3	"Nov"	"Nov3C"	0.03	"F.Otrad.6"	182	0.000104297037964122	0	0	0	0	0	0.0283687943262411	0	0	0.000312891113892365	0	0	0	0.000104297037964122	0	0	0	0	0	0	0	0	0	0	0	0	0.0292031706299541	0	0.941593658740092	0	0	0	0.000208594075928244	0	0	0	0.000104297037964122	0	0	0
"S217"	6	"F"	"Otrad"	"F.Otrad.7"	"C"	2016	11	1	15	3	"Nov"	"Nov3C"	0.03	"F.Otrad.7"	182	0	0	0	0	0	0	0.00864187742805042	0	0	7.92832791564259e-05	0.00261634821216205	0	0	0	0	0	0	0	0	0	0	0	0	0	0	0	0.278918576072306	0	0.709664631729168	0	0	0	0	0	0	0	7.92832791564259e-05	0	0	0
"S218"	6	"F"	"Otrad"	"F.Otrad.8"	"C"	2016	11	1	15	3	"Nov"	"Nov3C"	0.03	"F.Otrad.8"	182	0	0	0	0	0	0	0.00760256914405558	0	0	0.45619784156945	0	0	0.00292742604972255	0.00262157556691572	0	0	0	0	0	0.313758902433696	0	0	0	0	0	4.36929261152619e-05	0.0859876785948355	0	0.0817494647616551	0.0227203215799362	0	0	0.0098746013020492	0	0	0	0.016515926071569	0	0	0
"S219"	6	"F"	"Otrad"	"F.Otrad.9"	"K"	2016	11	1	15	3	"Nov"	"Nov3K"	0.03	"F.Otrad.9"	182	0	0	0	0	0	0	0.0611858704793945	0	0	0	0	0	0	0	0	0	0	0	0	0	0	0	0	0	0	0	0.170311185870479	0	0.768502943650126	0	0	0	0	0	0	0	0	0	0	0
"S22"	2	"B"	"Otrad"	"B.Otrad.10"	"K"	2015	1	3	15	1	"Jan"	"Jan1K"	0.03	"B.Otrad.10"	182	0	0	0	0	0	0	0.00051298493106765	0	0	0	0	0	0	0	0	0	0	0	0	0	0.000192369349150369	6.41231163834562e-05	0	0	0	0	0.998974030137865	0	0.000192369349150369	0	0	0	0	0	0	6.41231163834562e-05	0	0	0	0
"S220"	6	"F"	"Otrad"	"F.Otrad.10"	"K"	2016	11	1	15	3	"Nov"	"Nov3K"	0.03	"F.Otrad.10"	182	0	0	0	0	0	0	0.044478527607362	0	0.000306748466257669	0	0	0	0	0.000613496932515337	0	0	0	0	0	0.000306748466257669	0	0	0	0	0	0	0.847546012269939	0	0.106748466257669	0	0	0	0	0	0	0	0	0	0	0
"S221"	6	"F"	"Otrad"	"F.Otrad.11"	"K"	2016	11	1	15	3	"Nov"	"Nov3K"	0.03	"F.Otrad.11"	182	0	0	0	0	0	0	0.00971668962436246	0	0	0	0	0	0	7.44573917575667e-05	0	0	0	0	0	7.44573917575667e-05	0	3.72286958787834e-05	0	0	0	0	0.00394624176315104	0	0.986076467741335	3.72286958787834e-05	0	0	3.72286958787834e-05	0	0	0	0	0	0	0
"S223"	6	"F"	"Otrad"	"F.Otrad.13"	"S"	2015	11	1	18	2	"Nov"	"Nov2S"	0.03	"F.Otrad.13"	182	0	0	0	0	0	0	0.092511013215859	0	0	0	0	0	0	0	0	0	0	0	0	0	0	0	0	0	0	0	0.600220264317181	0	0.30726872246696	0	0	0	0	0	0	0	0	0	0	0
"S224"	6	"F"	"Otrad"	"F.Otrad.14"	"S"	2016	11	1	15	3	"Nov"	"Nov3S"	0.03	"F.Otrad.14"	182	0	0	0	0	0	0	0.000776536646556359	0	0	0	0.000238934352786572	0	0	2.98667940983215e-05	0	0	0	0	0	0	0	0	0	0	0	0	0.00743683173048205	0	0.991487963681978	0	0	0	2.98667940983215e-05	0	0	0	0	0	0	0
"S225"	6	"F"	"Otrad"	"F.Otrad.15"	"S"	2016	11	1	15	3	"Nov"	"Nov3S"	0.03	"F.Otrad.15"	182	0	0	0	0	0	0	0.00435481362434548	0	0	5.18430193374462e-05	0	0	0	0	0	0	0	0	0	0	0	0	0	0	0	0	0.0670848670226554	0	0.928456633314324	0	0	0	0	5.18430193374462e-05	0	0	0	0	0	0
"S226"	6	"F"	"Otrad"	"F.Otrad.16"	"S"	2016	11	1	15	3	"Nov"	"Nov3S"	0.03	"F.Otrad.16"	182	0	0	0	0	0	0	0.186150409530901	0	0	0.000496401092082403	0	0	0	0.000248200546041201	0	0	0	0	0	0.000992802184164805	0	0	0	0	0	0	0.56614544551998	0	0.245470340034748	0.000248200546041201	0	0	0	0	0	0.000248200546041201	0	0	0	0
"S227"	6	"F"	"Otrad"	"F.Otrad.17"	"W"	2015	1	3	15	1	"Jan"	"Jan1W"	0.03	"F.Otrad.17"	182	0	0	0	0	0	0	0.0613310867733783	0	0	0	0	0	0	0	0	0	0	0	0	0	0	0	0	0	0	0	0.529570345408593	0	0.409098567818029	0	0	0	0	0	0	0	0	0	0	0
"S228"	6	"F"	"Otrad"	"F.Otrad.18"	"W"	2017	1	3	15	3	"Jan"	"Jan3W"	0.03	"F.Otrad.18"	182	0	0	0	0	0	0	0.0278391515687141	0	0	0	0	0	0	0	0	0	0	0	0	0	0	0	0	0	0	0	0.332302253645603	0	0.639858594785683	0	0	0	0	0	0	0	0	0	0	0
"S229"	6	"F"	"Otrad"	"F.Otrad.19"	"W"	2017	1	3	15	3	"Jan"	"Jan3W"	0.03	"F.Otrad.19"	182	0	0	0	0	0	0	0.297572435395458	0	0	0.000391542678151919	0	0	0	0	0	0	0	0	0	0	0	0	0	0	0	0	0.436570086139389	0	0.265074393108849	0	0	0	0	0	0	0.000391542678151919	0	0	0	0
"S23"	2	"B"	"Otrad"	"B.Otrad.11"	"K"	2015	1	3	15	1	"Jan"	"Jan1K"	0.03	"B.Otrad.11"	182	4.8409740039696e-05	0	0	0	0	0	0	0	0	0	0	0	0	0	0	0	0	0	0	0	0	0	0	0	0	0	0.999806361039841	0	0.000145229220119088	0	0	0	0	0	0	0	0	0	0	0
"S230"	6	"F"	"Otrad"	"F.Otrad.20"	"W"	2017	1	3	15	3	"Jan"	"Jan3W"	0.03	"F.Otrad.20"	182	0	0	0	0	0	0	0.911368015414258	0	0	0	0	0	0	0	0	0	0	0	0	0	0	0	0	0	0	0	0.0143132397467658	0	0.074318744838976	0	0	0	0	0	0	0	0	0	0	0
"S231"	6	"F"	"Otrad"	"F.Otrad.21"	"C"	2015	1	3	15	1	"Jan"	"Jan1C"	0.03	"F.Otrad.21"	182	0.000154416306361952	0	0	0	0	0	0.128783199505868	0	0	0	0	0	0	0	0	0	0	0	0	0	0	0	0	0	0	0	0.205373687461396	0	0.665534280420012	0	0	0	0	0	0	0	0.000154416306361952	0	0	0
"S232"	6	"F"	"Otrad"	"F.Otrad.22"	"C"	2017	1	3	15	3	"Jan"	"Jan3C"	0.03	"F.Otrad.22"	182	0	0.0255402750491159	0	0	0	0	0.300589390962672	0	0	0	0	0	0	0	0	0	0	0	0	0	0	0	0	0	0	0	0.464309102815979	0	0.208251473477407	0	0.00130975769482646	0	0	0	0	0	0	0	0	0
"S234"	6	"F"	"Otrad"	"F.Otrad.24"	"C"	2017	1	3	15	3	"Jan"	"Jan3C"	0.03	"F.Otrad.24"	182	0	0	0	0	0	0	0.149053991693586	0	0	0	0	0	0	0.000461467466543609	0	0.000461467466543609	0	0	0	0.000922934933087217	0	0	0	0	0	0	0.210429164743886	0	0.637748038763267	0	0	0	0.000461467466543609	0	0	0.000461467466543609	0	0	0	0
"S235"	6	"F"	"Otrad"	"F.Otrad.25"	"K"	2017	1	3	15	3	"Jan"	"Jan3K"	0.03	"F.Otrad.25"	182	0	0	0	0	0	0	0	0	0	0.000351493848857645	0	0	0	0	0	0	0	0	0	0.000351493848857645	0	0	0	0	0	0	0.327592267135325	0	0.671353251318102	0	0	0	0	0	0	0.000351493848857645	0	0	0	0
"S236"	6	"F"	"Otrad"	"F.Otrad.26"	"K"	2017	1	3	15	3	"Jan"	"Jan3K"	0.03	"F.Otrad.26"	182	0	0	0	0	0	0	0.10149511213341	0	0	0.000287521564117309	0	0	0	0.000287521564117309	0	0	0	0	0	0.000287521564117309	0	0	0	0	0	0	0.661587119033928	0	0.235480161012076	0.000287521564117309	0	0	0	0.000287521564117309	0	0	0	0	0	0
"S237"	6	"F"	"Otrad"	"F.Otrad.27"	"K"	2017	1	3	15	3	"Jan"	"Jan3K"	0.03	"F.Otrad.27"	182	0	0	0	0	0	0	0.0597808037196945	0	0	0	0	0	0	0	0	0	0	0	0	0	0	0	0	0	0	0	0.1391564264364	0	0.801062769843906	0	0	0	0	0	0	0	0	0	0	0
"S238"	6	"F"	"Otrad"	"F.Otrad.28"	"K"	2017	1	3	15	3	"Jan"	"Jan3K"	0.03	"F.Otrad.28"	182	0	0.0284582132564841	0	0	0	0	0.122118155619597	0	0	0.000720461095100865	0	0	0	0.000360230547550432	0	0	0	0	0	0	0	0	0	0	0	0	0.255403458213256	0	0.583933717579251	0	0	0	0	0	0	0	0	0	0	0.00900576368876081
"S239"	6	"F"	"Otrad"	"F.Otrad.29"	"S"	2017	1	3	15	3	"Jan"	"Jan3S"	0.03	"F.Otrad.29"	182	0	0	0	0	0	0	0.0508418620006603	0	0	0	0	0	0	0	0	0	0	0	0	0	0	0	0	0	0	0	0.303730604159789	0	0.645427533839551	0	0	0	0	0	0	0	0	0	0	0
"S24"	2	"B"	"Otrad"	"B.Otrad.12"	"K"	2015	1	3	15	1	"Jan"	"Jan1K"	0.03	"B.Otrad.12"	182	0	0	0	0	0	0	0.000242757727787668	0	0	0	0	0	0	0	0	0	0	0	0	0	0	0	0	0	0	0	0.999352646059233	0	0.000323676970383557	0	0	0	0	0	0	0	8.09192425958893e-05	0	0	0
"S240"	6	"F"	"Otrad"	"F.Otrad.30"	"S"	2017	1	3	15	3	"Jan"	"Jan3S"	0.03	"F.Otrad.30"	182	0.000654450261780105	0	0	0	0	0	0.0503926701570681	0	0.000654450261780105	0	0	0	0	0	0	0	0	0	0	0	0	0	0	0	0	0	0.634162303664921	0	0.31413612565445	0	0	0	0	0	0	0	0	0	0	0
"S241"	6	"F"	"Otrad"	"F.Otrad.31"	"S"	2017	1	3	15	3	"Jan"	"Jan3S"	0.03	"F.Otrad.31"	182	0	0	0	0	0	0	0.04324707550514	0	0	0	0	0	0	0.000354484225451967	0	0	0	0	0	0	0	0	0	0	0	0	0.41793690180787	0	0.538461538461538	0	0	0	0	0	0	0	0	0	0	0
"S242"	6	"F"	"Otrad"	"F.Otrad.32"	"S"	2017	1	3	15	3	"Jan"	"Jan3S"	0.03	"F.Otrad.32"	182	0	0	0	0	0	0	0.00961165048543689	0	0	0	0	0	0	0	0	0	0	0	0	0	0	0	0	0	0	0	0.920194174757282	0	0.0666990291262136	0	0	0	0	0	0	0	4.85436893203884e-05	0	0	0.00344660194174757
"S243"	6	"F"	"Otrad"	"F.Otrad.33"	"W"	2014	12	2	17	1	"Dec"	"Dec1W"	0.03	"F.Otrad.33"	182	0	0	0	5.31830027123331e-05	0	0	0.00733925437430197	0	0	0	0	0	0	0	0	0	0	0	0	0	0	0	0	0	0	0	0.919640482901665	5.31830027123331e-05	0.0703079295857044	0	0	0	5.31830027123331e-05	0	0	0	0	0	0	0.00255278413019199
"S244"	6	"F"	"Otrad"	"F.Otrad.34"	"W"	2014	12	2	17	1	"Dec"	"Dec1W"	0.03	"F.Otrad.34"	182	0	0.0415170432572786	0	0	0	0	0.00508259212198221	0	2.76227832716424e-05	5.52455665432849e-05	0	0	0	2.76227832716424e-05	0	0	0	0	0	5.52455665432849e-05	0	0	0	0	0	0	0.200513783768853	0	0.752665598585713	2.76227832716424e-05	0	0	2.76227832716424e-05	0	0	0	0	0	0	0
"S245"	6	"F"	"Otrad"	"F.Otrad.35"	"W"	2014	12	2	17	1	"Dec"	"Dec1W"	0.03	"F.Otrad.35"	182	0	2.36916297472103e-05	0	0	0	0	4.73832594944206e-05	0	0	4.73832594944206e-05	0	0	0	0	0	0	0	0	0	2.36916297472103e-05	0	0	0	0	0	0	0.99940770925632	0	0.000307991186713734	0	0	0	0.000142149778483262	0	0	0	0	0	0	0
"S246"	6	"F"	"Otrad"	"F.Otrad.36"	"W"	2014	12	2	17	1	"Dec"	"Dec1W"	0.03	"F.Otrad.36"	182	0	0	0	0	0	0	0.00156701800205205	0	0	5.5964928644716e-05	0	0	0	3.73099524298106e-05	0	0	0	0	0	1.86549762149053e-05	0	0	0	0	0	0	0.976457420016789	0	0.0208002984796194	0	0.000186549762149053	0	5.5964928644716e-05	0	0	0	0	0	0	0.000820818953455834
"S247"	6	"F"	"Otrad"	"F.Otrad.37"	"C"	2014	12	2	17	1	"Dec"	"Dec1C"	0.03	"F.Otrad.37"	182	0	0	0	0	0	0	0.0161546610169492	0	0	0.000113498789346247	0	0	0	7.56658595641647e-05	0	0	0	0	0	3.78329297820823e-05	0	0	0	0	0	3.78329297820823e-05	0.525953389830508	0	0.418318704600484	0	0	0	7.56658595641647e-05	0	0	0	0	0	0	0.0392327481840194
"S248"	6	"F"	"Otrad"	"F.Otrad.38"	"C"	2014	12	2	17	1	"Dec"	"Dec1C"	0.03	"F.Otrad.38"	182	0	0	0	0	0	0	0.0416095380029806	0	0	0	0	0	0	0	0	0	0	0	0	0	0	0	0	0	0	0	0.306348733233979	0	0.651862891207153	0	0	0	5.96125186289121e-05	0.000119225037257824	0	0	0	0	0	0
"S249"	6	"F"	"Otrad"	"F.Otrad.39"	"C"	2014	12	2	17	1	"Dec"	"Dec1C"	0.03	"F.Otrad.39"	182	0	0	0	0	0	0	0.0237584425903854	0	0	3.97298371076679e-05	0	0	0	3.97298371076679e-05	0	0	0	3.97298371076679e-05	0	3.97298371076679e-05	0	0	0	0	0	0	0.802344060389352	0	0.161899086213747	0	0.000953516090584029	0	3.97298371076679e-05	0	0	0	0	0	0	0.0108462455303933
"S25"	2	"B"	"Otrad"	"B.Otrad.13"	"S"	2015	1	3	15	1	"Jan"	"Jan1S"	0.03	"B.Otrad.13"	182	0	0	0	0	0	0	0.0613107822410148	0	0	0	0	0	0	0	0	0	0	0	0	0	0	0	0	0	0	0	0.894644115574348	0	0.0440451021846371	0	0	0	0	0	0	0	0	0	0	0
"S250"	6	"F"	"Otrad"	"F.Otrad.40"	"K"	2014	12	2	17	1	"Dec"	"Dec1K"	0.03	"F.Otrad.40"	182	0	0	0	0	0	0	0.000695127326981113	0	0	3.39086500966397e-05	0	0	0	1.69543250483198e-05	0	0	0	0	0	0	0	0	0	0	0	0	0.997965480994202	1.69543250483198e-05	0.00123766572852735	1.69543250483198e-05	0	0	0	0	0	0	0	0	0	1.69543250483198e-05
"S251"	6	"F"	"Otrad"	"F.Otrad.41"	"K"	2015	11	1	18	2	"Nov"	"Nov2K"	0.03	"F.Otrad.41"	182	0.00325362534329246	0	0.000577256109293823	0.00386586667133136	1.74926093725401e-05	0.000559763499921283	1.74926093725401e-05	0	0.000384837406195882	0.00348102926513548	0	0	0	5.24778281176203e-05	0	0	0	0.000384837406195882	0.017685028075638	0.000384837406195882	0	0	0	0	0	0	0.921528154354785	0.00173176832788147	0.000139940874980321	0.00232651704654783	0	0	0.00288628054646912	0.0108279252016023	0.00160932006227369	0.0236150226529291	0.00332359578078262	0.000699704374901604	0.000647226546783984	0
"S252"	6	"F"	"Otrad"	"F.Otrad.42"	"K"	2015	11	1	18	2	"Nov"	"Nov2K"	0.03	"F.Otrad.42"	182	0	0.0133492049995749	0	0	0	0	0.0725278462715755	0	0	0	0.0053566873565173	0	0	0.000510160700620696	0	0	0	0	0	0	0	0	0	0	0	0	0.743304140804353	0	0.162231102797381	0	0.00187058923560922	0	0.000850267834367826	0	0	0	0	0	0	0
"S253"	6	"F"	"Otrad"	"F.Otrad.43"	"S"	2014	12	2	17	1	"Dec"	"Dec1S"	0.03	"F.Otrad.43"	182	0	0.00273051879857173	0	0.0103339634530561	0	0	0.0278092837639151	0.0142407057340895	0.00235244696492334	0.081327452215921	0	0	0.000924175593362739	0.00218441503885738	0	0.00970384373030876	0.00067212770426381	0	0	0.0103339634530561	0.000756143667296786	0.000420079815164881	0.00285654274312119	0.0118882587691661	0.000840159630329763	0	0.451417769376181	0	0.185297206469229	0.138206259189246	0.00138626339004411	8.40159630329763e-05	0.0205419029615627	0	0	0	0.0236925015752993	0	0	0
"S254"	6	"F"	"Otrad"	"F.Otrad.44"	"S"	2014	12	2	17	1	"Dec"	"Dec1S"	0.03	"F.Otrad.44"	182	0	0	0	0	0	0	0.0203673677897963	0	0	0	0	0	0	0	0	0	0	2.22108699997779e-05	0	0	0	0	0	0	0	0	0.702196655042978	0	0.277369344557226	0	0	0	4.44217399995558e-05	0	0	0	0	0	0	0
"S255"	6	"F"	"Otrad"	"F.Otrad.45"	"S"	2014	12	2	17	1	"Dec"	"Dec1S"	0.03	"F.Otrad.45"	182	0	0	0	0	0	0	0.0202369346214068	0	0	0	0	0	0	0.000118171881000916	0	0	0	0	0	0	0	0	0	0	0	0	0.776271086295016	0	0.202487518095069	0	0.000768117226505953	0	0.000118171881000916	0	0	0	0	0	0	0
"S256"	6	"F"	"Otrad"	"F.Otrad.46"	"S"	2014	12	2	17	1	"Dec"	"Dec1S"	0.03	"F.Otrad.46"	182	0	0	0	0	0	0	0.080839460149805	0	0	0	0	0	0	0	0	0	0	0	0	0	0	0	0	0	0	0	0.639674156915536	0	0.279417348382866	0	0	0	3.45172758965862e-05	0	0	0	3.45172758965862e-05	0	0	0
"S257"	6	"F"	"Otrad"	"F.Otrad.47"	"S"	2016	3	5	24	2	"Mar"	"Mar2S"	0.03	"F.Otrad.47"	182	0	0	0	0	0	0	0.544915268086219	0	0	3.26834768682692e-05	0	0	0	3.26834768682692e-05	0	0	0	0	0	1.63417384341346e-05	1.63417384341346e-05	0	0	0	0	0	0.453744709362182	0	0.00120928864412596	1.63417384341346e-05	0	0	1.63417384341346e-05	0	0	0	0	0	0	0
"S26"	2	"B"	"Otrad"	"B.Otrad.14"	"S"	2015	1	3	15	1	"Jan"	"Jan1S"	0.03	"B.Otrad.14"	182	0	0	0	0	0	0	0.0173967070518795	0	0	0	0	0	0	0	0	0	0	0	0	0	0	0	0	0	0	0	0.969788754271513	0	0.0125815470643057	0	0.000232991612301957	0	0	0	0	0	0	0	0	0
"S27"	2	"B"	"Otrad"	"B.Otrad.15"	"S"	2015	1	3	15	1	"Jan"	"Jan1S"	0.03	"B.Otrad.15"	182	0	0	0	0	0	0	0.0183373005377766	0	0	0	0	0	0	0	0	0	0	0	0	0	0	0	0	0	0	8.81600987393106e-05	0.95274618707573	0	0.0288283522877546	0	0	0	0	0	0	0	0	0	0	0
"S28"	2	"B"	"Otrad"	"B.Otrad.16"	"S"	2015	1	3	15	1	"Jan"	"Jan1S"	0.03	"B.Otrad.16"	182	0	7.59186152444579e-05	0	0	0	0	0.0103249316732463	0	0	0	0	0	0	0	0	0	0	0	0	0	0	0	0	0	0	0	0.95794108715457	0	0.0312025508654722	0	0	0	0	0	0	0	0.00037959307622229	0	7.59186152444579e-05	0
"S3"	1	"A"	"Otrad"	"A.Otrad.35"	"W"	2015	2	4	17	1	"Feb"	"Feb1W"	0.03	"A.Otrad.35"	182	0	0	0	0	0	0	0.268880497556642	0	0	0	0	0	0	5.55308751665926e-05	0	0	0	0	0	0	0	0	0	0	0	0	0.731008440693025	0	5.55308751665926e-05	0	0	0	0	0	0	0	0	0	0	0
"S4"	1	"A"	"Otrad"	"A.Otrad.36"	"C"	2015	2	4	17	1	"Feb"	"Feb1C"	0.03	"A.Otrad.36"	182	0	0	0	0	0	0	0.010221465076661	0	0	0	0	0	0	0	0	0	0	0	0	0.000851788756388416	0	0	0	0	0	0.000851788756388416	0.850936967632027	0	0.137137989778535	0	0	0	0	0	0	0	0	0	0	0
"S41"	2	"B"	"Otrad"	"B.Otrad.29"	"C"	2015	3	5	4	1	"Mar"	"Mar1C"	0.03	"B.Otrad.29"	182	0	0	0	0	0	0	0.941592920353982	0	0	0	0	0	0	0	0	0	0	0	0	0	0	0	0	0	0	0	0.0580530973451327	0	0.000353982300884956	0	0	0	0	0	0	0	0	0	0	0
"S42"	2	"B"	"Otrad"	"B.Otrad.30"	"C"	2015	3	5	4	1	"Mar"	"Mar1C"	0.03	"B.Otrad.30"	182	0	0	0	0	0	0	0.982622581251174	0	0	0	0	0	0	0	0	0	0	0	9.39319932368965e-05	0	0	0	0	0	0	0	0.0170956227691152	0	0	0	0	0	0	9.39319932368965e-05	0	9.39319932368965e-05	0	0	0	0
"S44"	2	"B"	"Otrad"	"B.Otrad.32"	"C"	2015	3	5	4	1	"Mar"	"Mar1C"	0.03	"B.Otrad.32"	182	0	0	0	0	0	0	0.201795710247742	0	0	0	5.54231557944909e-05	0	0	0	0	0	0	0	0	0	0	0	0	0	0	0	0.770492711855013	0	0.0222246854735909	0	0	0	0	0	0	0	0	0	0	0.00543146926786011
"S45"	2	"B"	"Otrad"	"B.Otrad.33"	"S"	2016	3	5	24	2	"Mar"	"Mar2S"	0.03	"B.Otrad.33"	182	0	0	0	0	0	0	0.0458482290937235	0	0	0.000184277448125898	0	0	0	0	0	0	0	0	0	7.37109792503593e-05	0	0	0	0	0	0	0.925883610363764	0	0.0278258946670107	7.37109792503593e-05	3.68554896251797e-05	0	3.68554896251797e-05	0	0	0	3.68554896251797e-05	0	0	0
"S46"	2	"B"	"Otrad"	"B.Otrad.34"	"S"	2015	3	5	4	1	"Mar"	"Mar1S"	0.03	"B.Otrad.34"	182	0	0	0	0	0	0	0.205767191451179	0	0	0	0	0	4.07863610408679e-05	0	0	0	0	0	0	0	4.07863610408679e-05	0	0	0	0	0	0.713679745493107	0	0.0803899176115507	0	0	0	0	0	0	8.15727220817359e-05	0	0	0	0
"S47"	2	"B"	"Otrad"	"B.Otrad.35"	"S"	2015	3	5	4	1	"Mar"	"Mar1S"	0.03	"B.Otrad.35"	182	0	0.0004149377593361	0	0	0	0	0.248409405255878	0	0	0	0	0	0	0	0	0	0	0	0.000138312586445367	0	0	0	0	0	0	0	0.704495159059474	0	0.045643153526971	0	0	0	0	0	0	6.91562932226833e-05	0	6.91562932226833e-05	0	0.000760719225449516
"S48"	2	"B"	"Otrad"	"B.Otrad.36"	"S"	2015	3	5	4	1	"Mar"	"Mar1S"	0.03	"B.Otrad.36"	182	0	0	0	0	0	0	0.0157767641534746	0	0	0	0	0	0	0	0	0	0	0	0	0	0	5.36624631070566e-05	0	0	0	0	0.95916286557553	0	0.0249530453447813	0	0	0	0	0	0	0	0	0	5.36624631070566e-05	0
"S49"	2	"B"	"Otrad"	"B.Otrad.37"	"K"	2015	3	5	4	1	"Mar"	"Mar1K"	0.03	"B.Otrad.37"	182	2.79017857142857e-05	0	0	0	0	0	0.00209263392857143	0	0	0	0	0	2.79017857142857e-05	0	0	0	0	0	0	0	0	0	0	0	0	0	0.996707589285714	0	0.0009765625	5.58035714285714e-05	0	0	0	0	0	8.37053571428571e-05	2.79017857142857e-05	0	0	0
"S5"	1	"A"	"Otrad"	"A.Otrad.37"	"C"	2015	2	4	17	1	"Feb"	"Feb1C"	0.03	"A.Otrad.37"	182	0	0	0	0	0	0	0.125494071146245	0	0	0	0	0	0	0	0	0	0	0	0	0	0	0	0	0	0	0.000988142292490119	0.873517786561265	0	0	0	0	0	0	0	0	0	0	0	0	0
"S50"	2	"B"	"Otrad"	"B.Otrad.38"	"K"	2015	3	5	4	1	"Mar"	"Mar1K"	0.03	"B.Otrad.38"	182	0	0	0	0	0	0	0.0029529239067354	0	0	0	0	0	0	1.70689243163896e-05	0	0	0	0	0	0	0	0	0	0	0	1.70689243163896e-05	0.993496739835456	0	0.00348206056054347	1.70689243163896e-05	0	0	0	0	0	1.70689243163896e-05	0	0	0	0
"S51"	2	"B"	"Otrad"	"B.Otrad.39"	"K"	2015	3	5	4	1	"Mar"	"Mar1K"	0.03	"B.Otrad.39"	182	0	0	0	0	0	0	0.00316175166952308	0	0	0	0	0	0	2.95490810235802e-05	0	0	0	0	2.95490810235802e-05	0	0	2.95490810235802e-05	0	0	0	0	0.993085515040482	0	0.00354588972282962	0	0	0	5.90981620471603e-05	0	0	0	2.95490810235802e-05	0	2.95490810235802e-05	0
"S52"	2	"B"	"Otrad"	"B.Otrad.40"	"K"	2015	3	5	4	1	"Mar"	"Mar1K"	0.03	"B.Otrad.40"	182	0	0	0	0	0	0	0.00850502236234328	0	0	0	0	0	0	0	0	0	0	0	0	0	0	0	0	0	0	0	0.990395190263216	0	0.00109978737444094	0	0	0	0	0	0	0	0	0	0	0
"S54"	2	"B"	"Otrad"	"B.Otrad.42"	"K"	2014	12	2	17	1	"Dec"	"Dec1K"	0.03	"B.Otrad.42"	182	0	0	0	0	0	0	0.000113004565384442	0	0	0	0	0	0	0	0	0	0	0	0	2.26009130768883e-05	0	0	0	0	0	2.26009130768883e-05	0.999502779912308	0	0.000203408217691995	2.26009130768883e-05	0	0	9.04036523075532e-05	0	0	0	2.26009130768883e-05	0	0	0
"S56"	2	"B"	"Otrad"	"B.Otrad.44"	"K"	2014	12	2	17	1	"Dec"	"Dec1K"	0.03	"B.Otrad.44"	182	0	0	0	0	0	0	0.105263157894737	0	0	0	0	0	0	0	0	0	0	0	0	0	0	0	0	0	0	0	0.894736842105263	0	0	0	0	0	0	0	0	0	0	0	0	0
"S61"	2	"B"	"Otrad"	"B.Otrad.49"	"W"	2016	1	3	15	2	"Jan"	"Jan2W"	0.03	"B.Otrad.49"	182	0	0	0	0	0	0	0.133333333333333	0	0	0	0	0	0	0	0	0	0	0	0.0666666666666667	0	0	0	0	0	0	0	0.666666666666667	0	0	0	0	0	0	0.133333333333333	0	0	0	0	0	0
"S63"	3	"C"	"Otrad"	"C.Otrad.1"	"W"	2016	1	3	15	2	"Jan"	"Jan2W"	0.03	"C.Otrad.1"	182	0	0	0	0	0	0	0.133204633204633	0	0	0.00193050193050193	0	0	0	0	0	0	0	0	0	0	0	0	0	0	0	0.00386100386100386	0.776061776061776	0	0.0849420849420849	0	0	0	0	0	0	0	0	0	0	0
"S64"	3	"C"	"Otrad"	"C.Otrad.2"	"W"	2016	1	3	15	2	"Jan"	"Jan2W"	0.03	"C.Otrad.2"	182	0	0	0	0	0	0	0	0	0	0.0021551724137931	0	0	0	0.00431034482758621	0	0	0	0	0	0	0	0	0	0	0	0.0021551724137931	0.989224137931034	0	0.0021551724137931	0	0	0	0	0	0	0	0	0	0	0
"S65"	3	"C"	"Otrad"	"C.Otrad.3"	"C"	2015	1	3	15	1	"Jan"	"Jan1C"	0.03	"C.Otrad.3"	182	0	0	0	0	0	0	0.0344827586206897	0	0	0	0	0	0	0	0	0	0	0	0	0	0	0	0	0	0	0	0.461206896551724	0	0.495689655172414	0	0	0	0	0	0	0	0	0	0	0.00862068965517241
"S66"	3	"C"	"Otrad"	"C.Otrad.4"	"C"	2016	1	3	15	2	"Jan"	"Jan2C"	0.03	"C.Otrad.4"	182	0	0	0	0	0	0	0.161585365853659	0	0	0	0	0	0	0	0	0	0	0	0	0	0	0	0	0	0	0	0.740853658536585	0	0.0975609756097561	0	0	0	0	0	0	0	0	0	0	0
"S67"	3	"C"	"Otrad"	"C.Otrad.5"	"C"	2016	1	3	15	2	"Jan"	"Jan2C"	0.03	"C.Otrad.5"	182	0	0.0013262599469496	0	0	0	0	0.0013262599469496	0	0	0	0	0	0	0	0	0	0	0	0	0	0	0	0	0	0	0.0013262599469496	0.568965517241379	0	0.424403183023873	0	0	0	0	0	0	0	0.0026525198938992	0	0	0
"S68"	3	"C"	"Otrad"	"C.Otrad.6"	"C"	2016	1	3	15	2	"Jan"	"Jan2C"	0.03	"C.Otrad.6"	182	0	0.00225225225225225	0	0	0	0	0.00675675675675676	0	0	0	0	0	0	0	0	0	0	0	0	0	0	0	0	0	0	0.0045045045045045	0.824324324324324	0	0.162162162162162	0	0	0	0	0	0	0	0	0	0	0
"S69"	3	"C"	"Otrad"	"C.Otrad.7"	"K"	2016	1	3	15	2	"Jan"	"Jan2K"	0.03	"C.Otrad.7"	182	0	0	0	0	0	0	0	0	0	0	0	0	0	0	0	0	0	0	0	0	0	0	0	0	0	0	1	0	0	0	0	0	0	0	0	0	0	0	0	0
"S7"	1	"A"	"Otrad"	"A.Otrad.39"	"K"	2015	2	4	17	1	"Feb"	"Feb1K"	0.03	"A.Otrad.39"	182	0	0	0	0	0	0	0.000611745513866232	0	0	0	0	0	0	0	0	0	0	0	0	0	0	0	0	0	0	0	0.999388254486134	0	0	0	0	0	0	0	0	0	0	0	0	0
"S70"	3	"C"	"Otrad"	"C.Otrad.8"	"K"	2016	1	3	15	2	"Jan"	"Jan2K"	0.03	"C.Otrad.8"	182	0	0	0	0.0198694294635254	0	0	0	0.00738007380073801	0	0.0107862617087709	0	0.00596082883905762	0	0.0570536474595515	0	0.0468350837354527	0.00255464093102469	0	0	0.00425773488504116	0.00454158387737724	0.00170309395401646	0.000283848992336077	0.0062446778313937	0	0.000283848992336077	0.713596366732898	0	0.0141924496168039	0.0996309963099631	0	0.00397388589270508	0	0	0	0	0.000851546977008232	0	0	0
"S71"	3	"C"	"Otrad"	"C.Otrad.9"	"K"	2016	1	3	15	2	"Jan"	"Jan2K"	0.03	"C.Otrad.9"	182	0	0	0	0	0	0	0	0	0	0	0	0	0	0	0	0	0	0	0	0	0	0	0	0	0	0	0.996784565916399	0	0.00321543408360129	0	0	0	0	0	0	0	0	0	0	0
"S72"	3	"C"	"Otrad"	"C.Otrad.10"	"K"	2016	1	3	15	2	"Jan"	"Jan2K"	0.03	"C.Otrad.10"	182	0	0	0	0	0	0	0	0	0	0	0	0	0	0.00390625	0	0	0	0	0	0	0.00390625	0	0	0	0	0	0.98828125	0	0	0	0	0	0.00390625	0	0	0	0	0	0	0
"S73"	3	"C"	"Otrad"	"C.Otrad.11"	"S"	2016	1	3	15	2	"Jan"	"Jan2S"	0.03	"C.Otrad.11"	182	0	0	0	0	0	0	0	0	0	0	0	0	0	0	0	0	0	0	0	0	0	0	0	0	0	0	0.977973568281938	0	0.0220264317180617	0	0	0	0	0	0	0	0	0	0	0
"S75"	3	"C"	"Otrad"	"C.Otrad.13"	"S"	2016	1	3	15	2	"Jan"	"Jan2S"	0.03	"C.Otrad.13"	182	0	0	0	0	0	0	0.0087719298245614	0	0	0	0	0	0	0	0	0	0	0	0	0	0	0	0	0	0	0	0.894736842105263	0	0.0964912280701754	0	0	0	0	0	0	0	0	0	0	0
"S76"	3	"C"	"Otrad"	"C.Otrad.14"	"S"	2016	1	3	15	2	"Jan"	"Jan2S"	0.03	"C.Otrad.14"	182	0	0	0	0	0	0	0.00597014925373134	0	0	0	0	0	0	0	0	0	0	0	0	0	0	0	0	0	0	0.00895522388059702	0.952238805970149	0	0.0328358208955224	0	0	0	0	0	0	0	0	0	0	0
"S78"	3	"C"	"Otrad"	"C.Otrad.16"	"W"	2014	11	1	18	1	"Nov"	"Nov1W"	0.03	"C.Otrad.16"	182	0	0	0	0	0	0	0.222222222222222	0	0	0	0	0	0	0	0	0	0	0	0	0	0	0	0	0	0	0.037037037037037	0.444444444444444	0	0.259259259259259	0	0.037037037037037	0	0	0	0	0	0	0	0	0
"S79"	3	"C"	"Otrad"	"C.Otrad.17"	"W"	2014	11	1	18	1	"Nov"	"Nov1W"	0.03	"C.Otrad.17"	182	0	0	0	0	0	0	0	0	0	0	0	0	0	0	0	0	0	0	0	0	0	0	0	0	0	0.00251889168765743	0.994962216624685	0	0	0	0	0	0	0	0	0	0.00251889168765743	0	0	0
"S8"	1	"A"	"Otrad"	"A.Otrad.40"	"K"	2015	2	4	17	1	"Feb"	"Feb1K"	0.03	"A.Otrad.40"	182	0	0	0	0	0	0	0.000848356309650053	0	0	0	0	0	0	0	0	0	0	0	0	0	0	0	0	0	0	0.00063626723223754	0.9983032873807	0	0.000212089077412513	0	0	0	0	0	0	0	0	0	0	0
"S80"	3	"C"	"Otrad"	"C.Otrad.18"	"W"	2014	11	1	18	1	"Nov"	"Nov1W"	0.03	"C.Otrad.18"	182	0	0	0	0	0	0	0.0327455919395466	0	0	0	0.00125944584382872	0	0	0	0	0	0	0	0	0	0	0	0	0	0	0	0.0491183879093199	0	0.915617128463476	0.00125944584382872	0	0	0	0	0	0	0	0	0	0
"S81"	3	"C"	"Otrad"	"C.Otrad.19"	"C"	2014	11	1	18	1	"Nov"	"Nov1C"	0.03	"C.Otrad.19"	182	0	0	0	0	0	0	0.596491228070175	0	0	0	0	0	0	0	0	0	0	0	0	0	0	0	0	0	0	0.228070175438596	0.087719298245614	0	0.0350877192982456	0	0	0	0	0.0175438596491228	0	0	0.0350877192982456	0	0	0
"S84"	3	"C"	"Otrad"	"C.Otrad.22"	"C"	2014	11	1	18	1	"Nov"	"Nov1C"	0.03	"C.Otrad.22"	182	0	0	0	0	0	0	0.4	0	0	0	0	0	0	0	0	0	0	0	0	0	0	0	0	0	0	0	0.4	0	0.2	0	0	0	0	0	0	0	0	0	0	0
"S86"	3	"C"	"Otrad"	"C.Otrad.24"	"K"	2014	11	1	18	1	"Nov"	"Nov1K"	0.03	"C.Otrad.24"	182	0	0	0	0	0	0	0.0849673202614379	0	0	0	0	0	0	0.00326797385620915	0	0.00326797385620915	0	0	0	0	0	0	0	0	0	0.0065359477124183	0.882352941176471	0	0.0163398692810458	0.00326797385620915	0	0	0	0	0	0	0	0	0	0
"S87"	3	"C"	"Otrad"	"C.Otrad.25"	"K"	2014	11	1	18	1	"Nov"	"Nov1K"	0.03	"C.Otrad.25"	182	0	0	0	0	0	0	0.396396396396396	0	0	0	0	0	0	0	0	0	0	0	0	0	0	0	0	0	0	0	0.468468468468468	0	0.130630630630631	0	0	0	0.0045045045045045	0	0	0	0	0	0	0
"S88"	3	"C"	"Otrad"	"C.Otrad.26"	"K"	2014	11	1	18	1	"Nov"	"Nov1K"	0.03	"C.Otrad.26"	182	0	0	0	0	0	0	0.0727923627684964	0	0	0	0	0	0	0	0	0	0	0	0	0	0	0	0	0	0	0.0035799522673031	0.0489260143198091	0	0.873508353221957	0	0	0	0	0	0	0	0.00119331742243437	0	0	0
"S89"	3	"C"	"Otrad"	"C.Otrad.27"	"S"	2014	11	1	18	1	"Nov"	"Nov1S"	0.03	"C.Otrad.27"	182	0	0	0	0	0	0	0.732984293193717	0	0	0	0	0	0	0	0	0	0	0	0	0	0	0	0	0	0	0.00523560209424084	0.256544502617801	0	0.00523560209424084	0	0	0	0	0	0	0	0	0	0	0
"S9"	1	"A"	"Otrad"	"A.Otrad.41"	"S"	2015	2	4	17	1	"Feb"	"Feb1S"	0.03	"A.Otrad.41"	182	0	0.000845665961945032	0	0	0	0	0.020507399577167	0	0	0	0	0	0	0	0	0	0	0	0	0	0	0	0	0	0	0	0.923467230443975	0	0.0551797040169133	0	0	0	0	0	0	0	0	0	0	0
"S90"	3	"C"	"Otrad"	"C.Otrad.28"	"S"	2014	11	1	18	1	"Nov"	"Nov1S"	0.03	"C.Otrad.28"	182	0	0	0	0	0	0	0.573275862068966	0	0	0	0	0	0	0	0	0	0	0	0	0	0	0	0	0	0	0	0.237068965517241	0	0.189655172413793	0	0	0	0	0	0	0	0	0	0	0
"S91"	3	"C"	"Otrad"	"C.Otrad.29"	"S"	2014	11	1	18	1	"Nov"	"Nov1S"	0.03	"C.Otrad.29"	182	0	0	0	0	0	0	0.0744047619047619	0	0	0	0	0	0	0	0	0	0	0	0	0	0	0	0	0	0	0	0.830357142857143	0	0.0952380952380952	0	0	0	0	0	0	0	0	0	0	0
"S93"	3	"C"	"Otrad"	"C.Otrad.31"	"W"	2015	11	1	18	2	"Nov"	"Nov2W"	0.03	"C.Otrad.31"	182	0	0	0	0	0	0	0	0	0	0	0	0	0	0	0	0	0	0	0	0	0	0	0	0	0	0	0.864479315263909	0	0.135520684736091	0	0	0	0	0	0	0	0	0	0	0
"S94"	3	"C"	"Otrad"	"C.Otrad.32"	"W"	2015	11	1	18	2	"Nov"	"Nov2W"	0.03	"C.Otrad.32"	182	0	0	0	0	0	0	0.021264367816092	0	0	0.00114942528735632	0.00459770114942529	0	0	0.000574712643678161	0	0	0	0	0	0	0	0	0	0	0	0	0.258045977011494	0	0.714367816091954	0	0	0	0	0	0	0	0	0	0	0
"S95"	3	"C"	"Otrad"	"C.Otrad.33"	"W"	2015	11	1	18	2	"Nov"	"Nov2W"	0.03	"C.Otrad.33"	182	0	0	0	0	0	0	0	0	0	0	0	0	0	0	0	0	0	0	0	0	0	0	0	0	0	0	0.475737392959087	0	0.523311132254995	0	0.000951474785918173	0	0	0	0	0	0	0	0	0
"S96"	3	"C"	"Otrad"	"C.Otrad.34"	"W"	2015	11	1	18	2	"Nov"	"Nov2W"	0.03	"C.Otrad.34"	182	0	0	0	0	0	0	0.00379746835443038	0	0	0	0	0	0	0	0	0	0	0	0	0.00126582278481013	0	0.00126582278481013	0	0	0	0.00126582278481013	0.927848101265823	0	0.0632911392405063	0	0	0	0	0	0	0.00126582278481013	0	0	0	0
"S97"	3	"C"	"Otrad"	"C.Otrad.35"	"C"	2015	11	1	18	2	"Nov"	"Nov2C"	0.03	"C.Otrad.35"	182	0	0	0	0	0	0	0.00390625	0	0	0	0	0	0	0.001953125	0	0	0	0	0	0	0	0	0	0	0	0	0.654296875	0	0.3388671875	0	0	0	0	0	0	0	0.0009765625	0	0	0
"S98"	3	"C"	"Otrad"	"C.Otrad.36"	"C"	2015	11	1	18	2	"Nov"	"Nov2C"	0.03	"C.Otrad.36"	182	0	0	0	0	0	0	0.00169923534409516	0.000849617672047579	0	0	0	0	0	0	0	0	0	0	0	0	0	0	0	0	0	0	0.801189464740867	0	0.196261682242991	0	0	0	0	0	0	0	0	0	0	0
"S99"	3	"C"	"Otrad"	"C.Otrad.37"	"C"	2015	11	1	18	2	"Nov"	"Nov2C"	0.03	"C.Otrad.37"	182	0	0	0	0	0	0	0.00373134328358209	0	0	0.00373134328358209	0.00373134328358209	0	0	0	0	0	0	0	0	0	0	0	0	0	0	0.00746268656716418	0.57089552238806	0	0.41044776119403	0	0	0	0	0	0	0	0	0	0	0
