ID	S54	S56	S109	S110	S131	S132	S133	S134	S135	S136	S137	S138	S139	S140	S141	S142	S143	S144	S145	S195	S196	S197	S198	S199	S201	S203	S204	S205	S206	S207	S208	S209	S210	S243	S244	S245	S246	S247	S248	S249	S250	S253	S254	S255	S256
BacV5_Otu_000002	847	1399	61	40	20	18	548	106	28	389	127	330	1791	1185	1625	884	276	308	178	1442	510	6974	3214	1160	306	159	580	885	1122	107	143	748	282	2457	765	5552	4191	4639	3044	1990	5472	4409	2181	3551	1569
BacV5_Otu_000003	151	571	835	49	1345	981	1409	1690	1558	1601	783	3007	2362	4399	1877	10592	4388	8658	4025	1015	279	370	784	259	389	1915	1047	1966	1199	270	199	1181	10330	507	1140	217	801	795	155	423	565	532	136	208	543
BacV5_Otu_000004	181	39	17	187	168	327	814	1436	289	178	127	652	365	387	589	2490	620	2070	401	2977	1446	1675	4580	10068	9321	4932	3424	4742	8329	1684	4589	2379	2450	321	546	236	277	198	370	374	391	271	795	315	364
BacV5_Otu_000005	64	316	758	161	124	111	133	237	298	178	271	124	1378	134	1374	6471	964	1621	221	1814	1018	604	271	177	184	281	32	337	371	213	114	1021	231	1103	282	125	1028	83	100	207	251	740	849	442	4077
BacV5_Otu_000006	1	1	0	0	0	1	1	1	1	1	0	1	1	0	0	6	1	8	0	342	2673	151	740	791	613	341	697	545	1310	187	272	406	506	1940	3914	4271	2057	1743	2385	2195	1767	2184	3317	1809	1663
BacV5_Otu_000007	44	481	188	78	35	27	910	158	333	649	107	253	42	99	999	2575	1029	1404	288	119	62	553	719	181	108	44	422	90	7	337	42	1290	218	601	205	2428	2278	939	916	962	317	432	1278	1571	190
BacV5_Otu_000008	2	25	16	5051	37	11	39	46	24	16	29	17	6	28	21	112	52	85	26	311	846	285	115	202	376	94	178	84	364	79	105	121	294	240	439	474	224	266	298	235	199	255	338	213	184
BacV5_Otu_000009	0	0	19	107	0	0	0	0	8	52	20	2	2	2	1	3	3	7	21	18	62	5	8	29	10	8	17	6	11	9	75	8	3	171	409	388	174	171	214	193	151	277	297	185	171
BacV5_Otu_000010	358	151	161	1277	7	17	144	79	76	50	23	361	128	498	643	348	51	167	132	107	184	98	143	130	117	55	49	202	67	43	86	127	131	105	15	202	230	843	248	295	1410	639	506	424	509
BacV5_Otu_000011	42	9	27	249	37	74	290	565	53	51	140	175	99	54	116	578	178	725	97	940	329	222	315	1100	2042	355	139	989	302	239	442	268	275	61	138	114	75	103	389	55	90	86	129	144	88
BacV5_Otu_000012	5	2	4	3	53	27	41	24	30	20	26	19	25	19	22	189	32	142	27	910	4135	345	1020	1989	1637	638	1176	1133	1816	540	632	1178	902	127	95	113	109	107	171	109	102	139	168	79	137
BacV5_Otu_000013	42	13	36	23	34	36	85	63	33	36	40	43	151	84	54	228	80	405	151	557	71	819	566	545	339	237	305	337	297	115	186	244	207	48	35	38	30	28	54	79	44	152	142	84	62
BacV5_Otu_000014	172	34	9	41	156	92	489	386	172	69	13	149	62	261	247	142	103	302	144	248	159	478	352	1747	355	22	32	250	220	5	17	49	127	464	293	515	54	507	253	202	95	601	571	90	1180
BacV5_Otu_000015	372	115	7	72	13	5	248	26	27	32	86	40	149	670	309	71	34	196	19	878	85	716	899	192	162	220	242	200	305	11	20	50	183	13	43	362	92	163	583	89	350	84	77	57	140
BacV5_Otu_000016	6	21	146	16	7	24	112	136	357	974	809	269	790	27	375	75	50	3253	156	3	17	292	34	97	34	55	42	9	18	348	409	360	18	179	9	5	8	13	56	295	3	4	3	8	369
BacV5_Otu_000017	1	0	5	0	3	4	14	52	2	44	18	15	263	25	161	700	213	1036	60	917	68	8	0	147	0	44	0	114	0	0	0	0	11	6	45	0	0	0	8	32	0	24	66	5	32
BacV5_Otu_000022	1	0	2	0	177	161	99	158	71	298	435	181	245	149	230	1529	803	1419	314	39	13	15	60	78	18	5	33	7	40	22	20	117	2	22	46	3	0	2	7	59	15	2	3	6	1
BacV5_Otu_000025	90	28	15	64	5	3	32	8	13	25	4	113	213	210	180	164	8	53	18	78	50	454	75	82	25	24	204	14	51	17	13	71	32	695	33	133	217	224	108	97	146	198	174	270	401
BacV5_Otu_000027	11	4	3	4	11	11	14	42	9	7	6	37	16	15	27	134	24	98	16	209	49	126	176	852	460	256	209	328	230	178	232	201	145	14	20	1	29	23	77	32	57	20	64	38	43
BacV5_Otu_000028	107	148	68	28	0	0	0	0	1	0	0	0	1	0	0	11	0	3	10	0	0	1	0	0	0	4	0	0	1	72	0	425	0	0	0	0	20	23	120	0	0	1	261	496	0
BacV5_Otu_000030	59	6	4	7	70	75	161	135	78	24	37	187	96	86	367	423	85	568	70	170	63	90	63	567	676	287	213	164	119	132	262	170	79	40	9	54	63	94	91	44	109	72	95	103	90
BacV5_Otu_000031	8	120	0	0	4	3	111	10	5	17	12	211	1171	87	86	35	120	35	11	220	19	519	343	120	40	22	49	141	24	12	7	31	23	346	21	31	6	59	67	43	249	118	86	79	15
BacV5_Otu_000033	0	2	3	133	42	52	63	34	38	26	36	60	50	53	61	724	46	394	111	151	168	169	133	246	175	139	158	214	77	97	271	127	154	20	15	32	24	18	23	26	20	36	60	8	9
BacV5_Otu_000034	40	1	8	27	7	9	22	47	29	4	10	82	19	67	32	125	36	74	41	121	24	78	105	303	218	55	91	150	99	54	79	66	73	25	0	39	15	53	74	35	83	63	56	37	41
BacV5_Otu_000036	56	13	3	1	0	2	50	0	0	2	6	496	553	12	41	14	84	6	7	161	12	85	823	63	43	15	28	52	13	7	3	22	1	37	15	130	2	95	42	3	393	184	107	293	17
BacV5_Otu_000037	5	57	24	39	0	0	1	3	234	27	7	17	1	0	69	8	1	7	1	22	4	202	784	19	6	2	31	18	64	6	0	4	3	11	29	74	249	7	20	123	0	240	84	30	473
BacV5_Otu_000039	2	0	0	16	13	9	10	236	1	30	86	284	2	33	15	556	20	1049	213	1	65	187	55	42	92	0	39	170	45	199	28	265	42	6	33	11	0	0	0	66	0	0	3	46	93
BacV5_Otu_000040	14	8	0	12	4	13	28	41	15	2	3	70	28	45	24	212	9	77	50	284	69	193	421	1144	798	288	536	379	261	146	337	149	192	11	3	6	13	23	25	12	25	27	38	14	26
BacV5_Otu_000041	11	3	4	4	19	11	25	28	14	8	20	30	35	27	28	134	24	157	42	221	82	198	320	285	283	197	406	336	235	152	292	308	217	40	12	12	34	51	50	31	64	53	53	30	42
BacV5_Otu_000042	2	5	18	1	0	0	13	0	0	0	0	0	0	0	0	7	0	2	0	0	0	2	0	0	0	0	0	0	0	0	0	0	0	16	0	85	27	719	76	2	66	222	59	1123	4
BacV5_Otu_000043	7	2	1	10	22	15	30	46	18	8	13	38	24	46	25	120	24	85	24	198	44	76	259	498	340	136	222	233	257	148	129	88	61	9	1	1	6	5	20	4	21	15	17	11	3
BacV5_Otu_000044	1	0	0	0	24	51	14	34	16	1	26	15	9	5	9	172	18	57	47	1	0	0	4	2	0	3	0	0	44	0	0	0	1	4	1	7	0	0	0	0	1	7	0	0	1
BacV5_Otu_000045	4	14	0	53	5	10	71	98	8	6	4	19	0	28	60	171	16	98	46	54	474	14	18	148	145	40	61	56	113	23	130	64	20	26	20	65	38	55	20	9	83	21	30	30	35
BacV5_Otu_000046	15	0	1	2	4	3	9	9	17	2	2	22	6	3	20	13	17	10	2	18	6	24	6	149	183	35	31	29	141	13	6	10	32	0	0	5	10	0	66	0	2	5	1	7	13
BacV5_Otu_000048	73	10	22	4	16	1	1	55	13	10	3	3	20	13	16	117	23	74	16	4	0	11	0	15	19	5	8	1	0	4	18	17	79	51	4	9	64	93	235	73	108	122	163	144	125
BacV5_Otu_000050	0	2	6	8	2	0	29	1	1	8	8	1	5	10	7	0	12	2	4	33	5	27	180	36	19	2	53	22	44	2	4	40	8	96	1	63	20	9	44	8	1	20	5	3	3
BacV5_Otu_000052	34	6	3	2	6	12	28	31	18	11	10	42	6	328	543	89	70	122	19	87	15	41	58	134	89	75	41	88	21	47	49	107	26	151	42	96	25	45	76	60	86	76	117	81	483
BacV5_Otu_000053	3	7	0	2	9	4	98	66	38	6	9	48	46	32	102	10	147	144	183	84	67	123	75	1	2	20	40	7	3	0	2	9	1	53	5	143	103	473	489	21	3	10	82	15	8
BacV5_Otu_000055	299	89	1	19	2	4	100	8	7	1	3	28	41	52	56	36	33	66	28	15	22	32	4	484	251	32	35	32	36	3	7	18	6	45	9	152	94	84	80	44	173	17	126	70	71
BacV5_Otu_000056	55	5	2	22	7	19	51	63	17	7	9	30	21	55	107	129	29	121	26	43	0	13	1	231	94	45	64	66	67	36	98	39	13	43	9	48	39	23	45	55	41	56	45	53	61
BacV5_Otu_000057	12	2	7	40	26	39	98	72	38	20	35	64	82	155	124	338	52	345	185	77	19	90	63	177	99	57	101	83	45	24	32	40	70	19	16	29	16	16	31	23	24	28	35	16	28
BacV5_Otu_000058	13	33	0	6	2	11	8	15	3	6	8	5	5	4	6	35	3	55	7	58	16	39	17	244	135	31	46	39	22	61	27	33	705	32	4	14	19	106	682	18	36	14	34	145	32
BacV5_Otu_000059	7	4	0	5	4	11	6	12	9	1	3	11	11	9	18	84	13	108	9	111	29	62	102	122	167	92	66	131	98	166	126	301	81	51	6	40	23	59	55	35	67	65	65	55	84
BacV5_Otu_000060	2	6	13	0	0	1	1	0	0	0	0	0	0	3	51	2	0	4	0	172	0	17	4	0	54	198	0	1	0	0	1	0	5	0	24	7	8	2	0	964	1	2	9	34	6
BacV5_Otu_000061	22	53	0	6	6	9	135	2	16	4	0	55	66	88	29	423	168	78	139	1	0	1	0	0	17	15	8	2	86	0	7	0	2	12	1	2	4	6	114	29	13	41	1	73	61
BacV5_Otu_000062	13	3	1	3	18	32	54	78	25	14	19	40	31	39	43	234	16	199	47	40	11	25	84	94	48	13	36	75	69	19	40	36	24	24	24	68	16	17	36	45	47	27	16	12	23
BacV5_Otu_000063	4	1	3	23	11	6	19	22	20	5	12	26	24	38	29	128	13	94	69	119	22	57	77	155	162	72	175	146	110	31	75	54	58	11	5	13	10	8	16	26	11	18	18	9	17
BacV5_Otu_000064	59	6	4	3	13	4	70	22	32	21	29	58	96	344	152	48	100	120	54	65	12	48	194	62	105	63	75	38	37	9	2	10	45	10	16	39	32	18	21	21	18	48	14	8	33
BacV5_Otu_000065	10	3	10	1	36	9	26	22	11	17	20	16	21	13	22	176	40	71	20	76	36	49	63	83	69	43	59	87	40	91	113	135	61	53	20	14	32	82	65	50	42	95	98	47	71
BacV5_Otu_000066	5	4	0	140	1	8	13	1	5	1	2	36	30	26	58	9	5	17	10	120	41	46	33	14	15	61	40	62	4	12	5	22	167	4	0	8	15	10	24	1	44	29	87	25	5
BacV5_Otu_000067	0	0	56	0	0	0	0	1	3	3	0	481	0	4	104	19	2	3	0	4	0	0	0	10	4	582	0	0	0	24	1	0	27	86	3	8	42	61	17	18	105	8	0	2	8
BacV5_Otu_000068	8	3	1	5	2	6	41	3	5	2	5	21	4	27	23	17	3	28	2	24	0	11	27	137	1134	244	353	195	163	15	4	1	3	23	15	30	30	13	26	48	5	17	28	15	28
BacV5_Otu_000069	3	0	1	6	2	15	10	24	6	19	18	19	40	42	8	149	17	111	27	66	8	118	107	125	92	133	229	186	139	29	12	34	84	0	0	0	0	2	7	7	0	6	0	11	1
BacV5_Otu_000071	5	3	2	7	10	14	40	22	33	6	12	41	31	24	26	154	20	88	60	99	61	87	108	111	106	49	74	116	68	24	66	75	50	16	2	15	15	16	11	10	8	11	9	11	16
BacV5_Otu_000072	13	2	2	13	4	5	10	33	5	1	0	5	8	1	10	46	13	43	2	14	4	15	7	71	40	25	10	15	28	22	22	9	18	21	1	10	17	29	37	21	45	29	39	37	40
BacV5_Otu_000073	29	1	4	15	9	9	20	85	3	9	9	32	6	26	35	61	13	131	10	56	0	137	46	141	207	25	31	18	57	30	67	40	31	13	3	31	25	26	31	38	47	31	55	33	45
BacV5_Otu_000074	12	5	2	0	8	1	8	19	5	1	10	21	5	12	18	54	9	48	9	56	4	28	58	112	160	47	43	69	21	64	114	86	69	27	10	7	16	31	41	18	30	31	36	24	31
BacV5_Otu_000075	5	3	11	31	0	2	5	2	2	6	2	0	44	76	81	26	0	54	8	16	6	50	5	11	22	45	2	9	0	1	31	0	9	20	9	26	95	146	52	35	271	137	89	11	15
BacV5_Otu_000076	2	2	15	0	0	0	3	2	1	0	3	0	6	1	6	508	0	22	3	11	22	34	555	1	2	19	298	93	2	6	36	123	10	0	3	3	7	0	8	2	1	2	15	39	16
BacV5_Otu_000077	46	19	0	3	0	0	2	0	3	3	5	6	29	56	22	1	1	3	1	138	16	102	347	49	37	32	44	23	82	3	3	13	45	1	0	128	19	35	26	12	80	18	6	21	17
BacV5_Otu_000080	2	0	0	0	4	1	3	1	1	0	4	0	4	4	1	19	3	4	2	111	828	64	559	183	107	62	144	75	217	48	55	71	82	24	54	78	32	20	27	25	18	30	31	19	21
BacV5_Otu_000081	6	11	1	7	17	19	32	24	8	11	8	15	47	86	48	91	35	121	59	73	1	43	42	103	97	45	68	73	75	25	27	41	32	10	1	127	63	88	21	14	214	115	21	19	8
BacV5_Otu_000083	8	3	1	7	4	12	65	117	15	18	2	18	19	5	41	99	100	249	16	54	31	23	44	156	149	42	55	33	61	25	64	25	28	6	12	2	8	21	17	11	32	12	21	23	16
BacV5_Otu_000084	0	0	0	0	3	0	0	0	0	0	0	5	0	0	0	1	0	1	0	175	805	58	239	270	211	116	229	150	535	77	105	187	182	17	5	24	1	8	5	19	6	4	6	2	4
BacV5_Otu_000085	29	2	2	4	2	8	5	27	5	1	1	6	3	4	17	20	8	27	6	0	0	1	0	7	0	2	2	1	2	0	0	0	0	73	21	38	53	49	216	106	44	64	103	48	40
BacV5_Otu_000086	13	1	0	2	0	0	8	1	7	0	1	0	9	4	36	3	33	2	45	4	15	6	56	0	1	0	4	7	0	0	0	7	6	8	5	343	64	139	343	5	1	11	85	14	11
BacV5_Otu_000088	4	1	0	0	0	1	0	4	10	0	1	4	3	1	2	5	2	4	0	23	9	24	16	773	434	85	159	76	213	4	18	18	52	3	0	0	2	0	3	6	2	5	5	3	11
BacV5_Otu_000089	5	0	1	3	13	14	31	38	15	8	7	45	16	29	17	72	21	70	12	58	2	14	24	113	69	30	39	37	21	38	86	32	14	9	0	0	15	8	12	7	9	20	30	33	16
BacV5_Otu_000090	3	2	0	0	3	1	5	31	2	4	1	15	154	25	27	34	52	33	10	39	12	31	46	48	32	31	45	51	38	53	44	51	34	4	2	135	7	63	6	14	15	10	12	7	22
BacV5_Otu_000092	2	0	0	4	4	10	15	4	9	2	4	18	11	16	17	51	12	43	21	62	17	111	79	154	81	58	66	87	28	32	58	69	50	7	1	2	12	18	13	8	15	13	21	8	14
BacV5_Otu_000093	18	0	8	3	1	5	9	23	0	1	0	3	11	8	2	120	9	48	8	36	36	122	59	23	96	5	104	29	12	0	51	5	11	0	15	0	2	17	3	2	5	17	7	7	31
BacV5_Otu_000094	1	1	0	0	3	2	1	1	1	0	4	1	0	1	1	6	3	10	0	22	2	7	14	7	65	17	71	18	26	12	9	137	18	3	0	0	2	1	3	1	11	7	6	2	6
BacV5_Otu_000095	23	8	1	5	1	13	2	28	0	1	1	8	3	3	7	45	9	25	1	21	0	9	17	77	45	24	2	35	9	22	54	23	19	44	6	36	30	29	123	37	50	40	78	47	61
BacV5_Otu_000096	12	11	1	5	11	4	10	13	7	4	1	21	9	9	26	69	23	52	13	19	0	12	6	46	36	13	18	25	33	63	39	38	16	20	6	13	12	18	11	19	31	21	20	24	25
BacV5_Otu_000097	4	5	2	2	6	3	3	7	7	0	6	16	13	4	12	54	14	50	6	9	30	22	25	18	59	19	16	24	11	19	51	13	40	32	0	3	18	60	43	18	58	43	59	52	31
BacV5_Otu_000098	13	3	0	8	0	5	13	35	5	4	0	27	8	6	11	32	4	12	3	45	0	15	14	81	25	11	26	10	22	31	54	18	23	10	0	4	7	15	36	6	39	9	32	11	19
BacV5_Otu_000099	31	110	0	0	4	2	1	2	0	0	6	4	1	10	2	2	0	2	0	7	0	2	2	0	5	27	0	0	0	0	16	0	1	0	0	8	1	78	0	0	5	0	9	0	0
BacV5_Otu_000100	5	0	9	0	14	3	7	5	10	11	2	4	7	8	4	75	5	50	10	14	0	6	5	107	52	30	91	56	20	99	16	59	12	34	12	0	17	146	102	19	8	3	55	15	21
BacV5_Otu_000101	1	3	2	3	5	4	9	4	4	13	6	2	9	7	4	13	4	22	4	24	0	5	15	42	5	21	9	40	24	13	21	25	15	5	2	16	5	11	20	28	12	20	24	8	16
BacV5_Otu_000102	6	4	3	0	13	3	4	12	15	6	4	14	12	7	15	83	15	43	11	41	0	17	39	40	14	40	41	47	7	63	63	96	28	17	0	21	4	30	42	15	22	35	35	31	27
BacV5_Otu_000103	2	1	0	5	3	6	6	19	6	3	2	35	7	16	7	62	12	17	8	28	14	20	64	92	50	13	35	62	61	25	29	19	25	2	1	4	1	0	8	2	4	4	3	1	3
BacV5_Otu_000104	7	1	3	3	6	5	6	14	4	0	0	13	6	6	7	15	23	39	5	19	0	32	0	37	30	5	60	41	9	45	28	54	5	16	8	9	1	22	10	15	12	30	21	29	14
BacV5_Otu_000105	6	0	0	9	15	8	27	6	15	8	12	49	50	67	28	131	62	21	37	16	0	7	0	55	57	22	41	20	60	1	2	55	19	0	0	8	35	19	42	6	0	1	0	4	1
BacV5_Otu_000106	1	1	0	67	7	0	9	34	5	1	4	4	2	1	2	49	2	18	0	0	0	3	14	74	70	28	3	8	13	9	22	2	5	0	0	0	4	1	1	1	3	9	0	4	8
BacV5_Otu_000107	1	0	0	0	9	9	22	53	14	6	10	8	10	8	14	58	27	134	16	120	0	49	169	222	155	69	94	63	158	109	163	82	158	1	0	0	1	3	12	3	8	7	5	5	3
BacV5_Otu_000110	0	0	0	0	1	1	31	95	1	1	17	1	1	6	7	28	0	1454	0	101	0	0	38	27	32	2	29	21	0	10	2	0	20	0	0	0	0	0	0	0	0	0	0	0	0
BacV5_Otu_000112	0	0	0	12	0	0	7	0	1	0	0	1	0	6	0	2	0	0	0	21	4	21	36	70	71	26	16	32	12	0	4	3	0	0	0	2	8	0	1	0	0	0	0	0	0
BacV5_Otu_000113	10	4	1	1	10	3	4	5	7	0	4	3	6	2	12	52	17	46	8	14	10	15	21	26	30	44	19	27	16	70	51	48	47	13	0	22	13	36	31	8	23	35	38	20	14
BacV5_Otu_000114	73	2	0	4	0	0	141	0	1	0	2	6	34	93	457	5	1	6	2	7	0	8	2	28	11	1	88	0	2	0	0	1	0	1	0	36	46	27	5	0	3	48	2	6	41
BacV5_Otu_000115	3	4	1	1	3	1	2	5	2	0	2	4	3	1	1	30	6	21	2	37	24	26	53	73	102	30	26	43	39	31	49	38	27	10	0	18	5	6	13	5	12	10	4	3	9
BacV5_Otu_000116	7	0	0	1	8	1	9	4	0	1	0	1	3	5	7	15	8	28	9	31	4	14	16	92	84	43	41	32	99	12	11	29	9	1	1	8	3	4	6	7	7	10	8	7	2
BacV5_Otu_000117	1	0	0	0	1	0	1	4	3	1	2	4	1	1	1	19	2	21	10	36	0	5	22	23	191	3	5	8	18	3	3	2	10	6	0	0	0	0	6	1	1	6	1	4	9
BacV5_Otu_000118	0	0	0	0	2	2	0	0	1	0	0	0	0	1	1	2	0	1	0	19	0	2	25	88	111	10	9	97	24	8	17	29	6	0	0	9	0	0	2	1	5	10	1	2	0
BacV5_Otu_000119	6	5	5	0	4	3	4	9	7	4	3	6	7	5	19	60	9	41	14	18	0	11	16	43	20	20	13	33	11	18	22	60	17	13	0	3	5	26	30	18	26	15	19	14	15
BacV5_Otu_000120	2	0	1	2	1	3	14	7	6	4	3	10	31	57	16	14	6	27	11	45	0	24	42	22	35	7	33	8	82	4	1	26	5	4	2	2	8	2	1	8	5	7	6	4	12
BacV5_Otu_000122	4	0	1	0	2	7	5	2	2	3	1	7	5	1	8	29	41	27	14	18	7	21	7	60	84	25	3	25	2	41	73	45	23	5	1	16	20	16	15	11	9	23	21	17	20
BacV5_Otu_000123	2	0	5	0	6	1	4	6	3	5	4	10	8	7	6	47	6	33	7	21	0	32	4	31	26	12	21	16	18	30	39	34	25	20	3	33	17	34	63	35	23	47	39	43	48
BacV5_Otu_000124	2	2	0	2	1	2	1	5	0	1	3	13	8	9	7	69	39	44	9	14	0	22	45	5	33	0	10	22	10	17	0	10	22	5	9	0	0	0	2	21	9	16	29	2	7
BacV5_Otu_000126	0	0	0	1	3	7	0	2	0	1	0	1	0	2	0	3	1	12	2	21	35	8	30	194	171	18	70	50	43	31	4	78	167	1	0	0	0	0	0	1	5	10	2	5	1
BacV5_Otu_000127	21	0	1	38	6	1	22	8	4	2	9	20	19	35	20	28	11	42	25	29	0	12	18	17	14	0	23	17	25	0	0	1	7	5	0	7	0	5	12	5	4	9	14	4	10
BacV5_Otu_000129	12	0	3	4	0	0	1	5	1	0	0	0	6	0	2	6	7	19	1	5	0	2	9	26	7	0	1	3	0	4	3	21	8	20	3	13	12	21	51	23	27	35	165	17	28
BacV5_Otu_000130	2	0	0	0	7	5	5	13	3	2	1	3	3	1	4	13	5	25	1	4	1	0	9	21	22	4	13	18	3	8	17	3	19	16	1	8	14	7	28	11	19	6	26	19	30
BacV5_Otu_000131	4	3	5	2	8	4	3	5	4	5	7	8	11	8	7	49	9	31	1	13	0	9	31	30	6	13	28	14	39	22	31	56	11	29	2	8	17	27	25	13	29	40	26	23	36
BacV5_Otu_000132	3	4	2	0	11	2	2	7	6	3	2	11	9	6	6	35	7	16	8	18	0	23	16	17	9	15	15	27	15	28	35	25	17	8	0	10	9	42	34	24	31	47	41	33	27
BacV5_Otu_000133	4	1	0	0	0	3	131	0	3	0	0	34	0	21	22	23	2	2	1	5	0	0	0	0	6	6	3	1	54	5	1	0	7	6	9	2	4	5	5	11	46	4	35	18	4
BacV5_Otu_000134	0	2	0	0	1	0	28	38	3	0	0	22	54	11	37	2	8	40	36	8	2	43	0	1	3	0	13	0	0	0	0	0	0	0	0	32	3	1	1	35	12	2	0	0	3
BacV5_Otu_000136	4	0	1	4	1	4	8	5	1	1	0	5	2	7	3	20	3	9	6	31	7	33	34	79	33	27	58	49	21	12	22	70	7	3	1	8	2	7	8	0	4	3	11	8	5
BacV5_Otu_000137	1	0	0	2	3	3	13	9	6	2	3	5	3	11	9	19	10	38	5	19	0	14	2	122	134	12	32	12	37	6	7	2	16	5	0	4	2	4	8	9	3	3	1	0	3
BacV5_Otu_000138	1	3	0	3	7	4	2	4	4	4	5	15	7	6	15	54	5	50	8	37	0	35	26	22	42	5	17	32	36	10	50	48	53	2	1	0	2	3	6	8	20	11	22	5	16
BacV5_Otu_000139	0	0	0	0	0	1	0	1	0	0	0	1	0	0	0	12	0	3	0	20	0	0	12	36	3	14	0	9	101	0	14	0	1	0	0	0	0	0	0	0	0	0	0	0	0
BacV5_Otu_000141	4	1	7	0	2	6	4	5	3	5	3	8	7	4	6	24	6	37	3	33	0	7	11	14	17	0	13	20	3	8	45	64	2	23	5	6	14	26	37	17	10	31	46	9	33
BacV5_Otu_000142	2	3	0	0	3	3	2	12	2	1	1	3	2	2	10	42	8	26	4	11	25	15	17	18	21	12	9	30	0	47	48	67	19	5	8	24	6	13	40	11	23	34	49	29	28
BacV5_Otu_000143	2	3	0	0	7	4	5	5	2	4	3	3	8	6	7	48	5	31	9	28	22	52	35	106	34	31	32	63	34	13	62	59	28	4	1	0	4	3	4	4	5	9	15	5	6
BacV5_Otu_000144	3	2	0	2	21	5	4	8	2	3	9	11	9	8	15	95	11	55	11	6	0	11	27	42	48	7	0	45	8	61	24	18	47	11	0	0	11	27	12	11	15	20	36	31	26
BacV5_Otu_000145	8	6	0	0	14	1	3	4	3	1	0	5	2	4	12	44	7	46	3	9	0	6	0	18	69	6	0	0	0	2	26	36	0	11	0	0	7	24	14	7	29	28	32	15	23
BacV5_Otu_000146	2	2	0	1	0	0	0	1	0	0	14	0	2	0	1	1	3	0	1	1	1	3	2	0	1	18	0	7	0	3	3	6	0	2	0	7	7	166	2	0	38	0	9	11	21
BacV5_Otu_000147	19	2	0	4	0	0	4	3	5	0	0	5	8	3	3	8	0	2	1	16	15	12	4	54	65	29	24	32	24	3	2	14	5	0	0	1	6	9	11	8	8	8	9	7	8
BacV5_Otu_000148	0	2	2	1	0	0	0	0	0	0	0	0	0	0	0	14	0	0	0	0	31	4	0	0	0	75	15	0	0	11	0	0	0	0	0	0	0	0	0	12	3	5	8	4	2
BacV5_Otu_000149	5	2	0	8	0	3	2	5	7	0	1	12	3	1	8	5	5	22	6	30	7	15	7	125	107	15	2	12	27	21	24	13	14	5	0	1	2	3	9	8	20	14	15	12	5
BacV5_Otu_000150	2	3	0	0	7	3	6	3	1	1	4	1	6	5	3	36	7	20	4	14	0	17	9	26	42	32	40	40	17	50	39	69	27	13	5	11	12	27	14	13	22	28	20	14	29
BacV5_Otu_000151	11	10	0	3	0	0	13	4	6	0	1	6	5	7	6	16	3	20	3	10	0	74	29	12	9	1	11	14	18	0	7	7	8	4	0	114	14	85	10	8	14	34	9	8	7
BacV5_Otu_000152	0	0	0	0	0	0	0	0	0	0	0	0	0	0	0	0	0	0	0	58	540	32	68	103	92	20	73	49	223	51	36	62	89	12	2	13	3	0	0	0	7	0	4	1	2
BacV5_Otu_000153	2	1	1	14	0	0	9	0	0	1	0	8	3	3	10	48	2	6	3	7	0	16	106	0	0	1	2	3	1	0	0	0	0	0	5	0	122	62	5	39	1	2	2	0	7
BacV5_Otu_000154	2	0	3	0	3	4	4	8	2	0	5	7	1	3	1	7	1	12	5	5	0	4	5	39	67	41	13	8	118	20	23	31	1	6	0	11	4	3	15	7	3	6	6	4	4
BacV5_Otu_000155	13	1	0	4	0	3	7	24	0	3	3	5	4	6	0	143	4	35	8	9	26	27	19	13	52	5	38	10	10	0	8	6	13	0	2	0	0	7	2	0	0	20	1	2	5
BacV5_Otu_000156	0	4	1	0	1	4	11	3	7	1	4	7	3	4	6	35	2	30	6	31	14	34	49	55	29	4	14	32	20	12	39	34	23	4	0	0	4	2	17	4	7	11	0	5	11
BacV5_Otu_000157	0	0	24	0	7	11	2	5	9	10	17	6	13	5	5	52	33	41	13	0	0	0	0	5	1	0	0	2	0	1	0	4	0	0	0	0	0	0	0	4	0	0	0	0	1
BacV5_Otu_000158	10	0	0	1	4	3	4	16	1	0	1	2	5	4	5	4	4	16	2	19	1	1	21	32	39	3	3	2	7	13	9	15	8	3	1	2	1	2	9	4	6	2	2	2	8
BacV5_Otu_000159	3	15	14	0	32	13	11	29	19	46	28	69	64	35	52	106	51	46	59	1	0	2	0	0	0	0	0	0	0	1	0	0	1	1	0	0	0	0	0	0	3	0	2	0	1
BacV5_Otu_000160	0	2	1	6	0	0	2	9	6	2	2	3	5	5	1	12	0	2	4	6	0	2	0	104	34	1	39	7	0	1	17	3	8	0	0	0	0	1	5	2	6	5	9	0	3
BacV5_Otu_000161	2	0	1	5	4	4	6	0	2	1	3	7	12	5	4	44	4	6	6	19	6	22	11	11	9	6	11	14	9	4	5	19	2	4	0	8	3	1	11	3	3	6	10	1	5
BacV5_Otu_000163	34	8	0	4	9	10	41	8	10	1	3	15	7	7	7	66	4	35	5	9	0	4	2	6	17	4	4	6	1	9	5	0	10	12	0	5	2	33	84	0	5	82	1	5	52
BacV5_Otu_000164	3	2	0	2	3	3	4	6	3	0	2	3	5	2	2	32	4	11	0	13	10	6	12	23	19	18	0	7	13	34	11	32	8	7	6	23	12	16	20	9	9	26	23	7	18
BacV5_Otu_000166	4	0	1	2	1	4	4	6	0	4	2	3	10	4	2	24	7	9	4	7	0	4	15	20	32	15	0	15	16	19	19	51	1	6	0	12	1	10	5	12	5	18	13	7	11
BacV5_Otu_000167	3	5	0	573	1	1	16	2	1	0	2	19	0	11	4	9	0	9	13	0	0	0	2	4	5	2	0	3	0	1	0	0	2	6	0	3	1	4	13	4	16	5	2	4	7
BacV5_Otu_000168	5	0	2	0	3	1	4	7	3	4	3	1	5	3	2	43	5	12	3	10	0	15	19	11	4	20	12	14	30	35	21	58	22	12	0	5	5	25	21	11	20	24	17	21	20
BacV5_Otu_000169	3	1	1	1	10	3	4	3	4	3	0	6	5	3	8	41	5	25	5	0	0	10	17	18	7	20	12	15	13	87	30	70	19	7	0	8	3	24	16	4	8	20	20	22	21
BacV5_Otu_000170	7	0	1	3	3	4	3	6	3	0	2	5	4	1	3	23	3	10	3	20	0	14	18	34	27	15	6	29	24	9	4	39	15	16	1	4	5	8	10	1	8	7	6	6	8
BacV5_Otu_000171	8	0	0	2	0	3	5	14	2	2	1	2	5	4	5	18	4	6	5	21	11	10	6	27	22	10	11	6	9	8	17	8	5	10	0	14	8	12	39	10	9	4	17	22	17
BacV5_Otu_000172	3	0	10	11	0	0	8	21	0	0	1	4	5	6	8	44	4	23	0	8	27	43	25	16	12	1	4	1	9	2	12	8	10	0	18	0	1	0	3	8	0	1	3	0	0
BacV5_Otu_000173	0	1	2	2	3	0	64	2	0	2	2	0	3	2	3	76	2	0	4	11	3	18	5	46	5	13	6	4	22	1	8	17	1	11	9	44	7	11	6	10	3	4	5	6	2
BacV5_Otu_000174	1	0	0	27	2	0	0	1	0	1	3	0	2	0	0	20	1	7	5	25	89	2	49	4	39	11	33	14	50	8	82	45	10	2	8	5	0	7	18	3	0	0	2	0	2
BacV5_Otu_000176	3	0	0	0	1	1	0	0	0	0	1	4	3	4	10	10	79	8	1	10	0	4	4	15	9	20	7	2	1	0	18	0	7	5	0	5	1	4	3	0	4	16	0	2	10
BacV5_Otu_000177	8	2	0	0	0	0	3	2	1	2	0	3	2	0	1	6	2	8	1	3	0	4	0	1	33	14	8	0	23	6	4	12	0	24	2	7	4	11	57	23	14	17	47	12	15
BacV5_Otu_000178	0	1	0	0	0	0	153	0	0	0	0	0	1	3	1	0	0	2	1	0	0	0	4	0	0	0	0	0	0	0	0	0	0	2	0	12	0	18	14	0	111	5	4	2	0
BacV5_Otu_000179	1	8	7	0	14	30	10	34	28	47	31	39	35	38	20	87	40	39	42	1	0	2	0	0	0	0	0	0	0	2	0	2	1	0	0	0	0	1	0	0	0	0	0	0	1
BacV5_Otu_000180	5	3	1	1	1	4	11	10	4	4	4	10	13	39	12	21	8	46	8	32	14	34	20	61	46	30	31	47	24	8	27	23	38	2	2	4	0	11	1	1	1	5	2	5	5
BacV5_Otu_000182	0	0	0	0	0	0	0	0	0	0	0	0	0	0	1	0	0	0	0	6	9	4	0	112	117	15	36	36	2	0	1	9	4	0	0	0	0	0	0	0	0	0	0	0	0
BacV5_Otu_000183	4	1	5	0	0	2	1	2	1	3	2	5	5	4	6	12	2	19	6	26	0	14	17	26	10	14	10	21	3	11	12	15	13	11	3	0	4	2	7	2	6	10	7	7	8
BacV5_Otu_000185	0	0	0	0	0	0	0	2	0	0	0	0	0	0	0	4	0	0	0	4	0	0	13	58	97	1	4	45	75	0	0	0	24	0	0	0	0	1	0	0	0	0	0	0	0
BacV5_Otu_000186	4	0	1	0	2	4	4	2	2	3	0	4	3	4	3	22	8	18	9	16	0	7	11	15	63	7	12	76	26	20	21	32	13	3	0	2	9	11	5	6	6	18	13	7	7
BacV5_Otu_000187	0	2	0	2	0	3	1	1	4	0	0	7	3	0	2	8	3	20	2	24	6	14	26	10	21	32	1	23	18	16	5	10	0	0	0	1	2	0	4	0	2	6	2	7	3
BacV5_Otu_000189	3	2	2	0	12	7	7	3	3	1	2	3	6	3	8	73	13	9	4	10	0	5	5	29	6	13	5	15	0	25	13	22	1	7	6	5	7	19	24	13	12	15	36	14	18
BacV5_Otu_000190	0	0	0	0	2	1	4	7	1	4	0	0	1	0	2	3	0	2	0	14	68	6	25	13	14	27	14	18	28	2	4	11	25	0	16	14	4	7	1	2	1	3	3	3	6
BacV5_Otu_000191	0	0	9	0	19	9	9	14	9	26	34	22	26	12	27	140	47	103	23	0	0	0	0	1	0	0	0	0	0	0	1	4	0	0	0	0	0	0	0	0	0	0	0	0	0
BacV5_Otu_000194	0	1	62	0	3	1	4	1	4	4	7	2	12	0	7	17	1	67	3	11	2	6	0	0	0	3	0	1	1	0	1	1	0	1	4	0	0	0	0	0	0	1	0	0	0
BacV5_Otu_000195	0	0	0	1	4	10	2	4	8	2	5	4	6	7	4	55	4	24	7	9	0	23	26	25	15	21	17	13	22	27	18	14	7	3	0	2	2	5	9	1	4	4	3	6	9
BacV5_Otu_000196	1	12	1	0	1	0	12	3	2	16	4	30	92	18	22	4	9	19	5	0	0	18	1	0	0	0	0	1	0	0	0	0	0	1	0	0	0	1	1	1	3	1	0	0	8
BacV5_Otu_000197	0	0	3	0	6	3	2	13	3	2	0	5	0	1	1	48	5	11	5	5	15	8	45	40	29	9	16	6	0	17	18	24	10	0	1	13	6	3	16	6	1	2	7	0	4
BacV5_Otu_000199	1	0	0	4	1	3	8	8	6	0	1	16	9	10	8	40	5	26	19	21	0	4	11	8	11	1	10	12	13	1	2	5	3	2	3	1	3	3	4	4	5	1	3	3	0
BacV5_Otu_000201	0	0	1	0	1	1	1	3	0	0	0	1	3	2	0	8	3	7	0	43	11	18	39	42	32	25	21	17	12	7	16	12	11	1	4	1	0	5	6	5	1	2	3	4	1
BacV5_Otu_000203	4	0	0	2	1	2	6	21	4	1	0	4	0	5	3	7	2	12	2	1	2	9	12	18	28	6	3	13	3	9	16	4	5	5	0	0	0	0	6	4	2	6	5	6	6
BacV5_Otu_000204	0	0	0	0	6	2	8	9	2	4	2	11	4	0	12	61	17	67	9	12	0	1	0	0	27	9	14	7	0	22	30	23	6	0	0	0	3	9	4	9	5	20	16	14	5
BacV5_Otu_000206	1	2	0	0	4	4	6	41	29	35	4	39	2	12	9	56	136	76	34	0	0	7	1	0	0	0	1	2	0	0	0	1	0	0	0	0	0	2	0	1	1	0	0	0	0
BacV5_Otu_000207	3	1	0	1	2	4	1	3	3	0	0	5	1	2	7	9	5	12	1	17	0	7	5	7	5	1	5	6	7	10	8	27	2	6	0	10	6	8	6	10	17	13	11	6	8
BacV5_Otu_000208	1	0	0	2	0	5	1	6	1	0	1	3	0	0	1	12	1	16	3	59	0	2	1	15	23	5	2	5	9	6	13	4	3	0	0	0	2	1	0	1	0	1	0	1	0
BacV5_Otu_000209	1	2	0	1	0	2	5	2	0	0	0	1	2	2	0	5	1	7	3	21	1	19	8	34	30	2	9	7	13	11	8	13	4	10	1	2	2	1	9	2	5	9	3	3	1
BacV5_Otu_000210	0	0	1	0	6	2	4	2	4	1	3	1	0	0	0	8	2	10	0	15	0	4	13	4	4	29	0	3	5	10	8	19	9	8	0	4	6	7	3	351	4	22	17	4	4
BacV5_Otu_000211	0	0	1	1	1	5	9	1	36	2	7	2	23	5	7	70	3	114	6	28	0	10	4	12	5	0	8	4	0	3	176	8	9	0	1	1	0	1	7	2	3	1	4	2	1
BacV5_Otu_000212	21	6	0	5	0	0	23	2	3	0	2	6	1	7	4	25	1	21	3	3	1	1	5	1	5	1	0	0	3	0	3	1	2	1	0	1	3	15	44	1	3	46	1	0	26
BacV5_Otu_000213	0	0	0	0	0	0	7	15	0	0	0	4	25	2	28	1	2	19	0	11	1	17	0	0	0	0	4	0	0	0	0	0	0	0	0	21	2	4	0	13	2	0	2	1	6
BacV5_Otu_000214	1	5	1	1	2	1	0	1	0	3	0	16	2	0	3	7	14	6	0	36	6	4	4	45	13	20	4	2	16	0	5	8	8	4	0	0	2	3	4	7	0	11	11	4	1
BacV5_Otu_000216	7	1	0	0	0	4	3	8	0	0	0	3	10	2	1	47	6	23	2	7	11	111	22	7	38	2	86	7	4	0	4	4	8	0	6	0	0	4	4	0	0	1	2	3	2
BacV5_Otu_000217	3	0	0	0	2	0	1	2	0	2	0	0	2	0	1	5	0	9	0	14	0	111	0	32	11	5	26	3	14	0	19	41	18	4	0	8	16	6	59	17	3	10	43	4	7
BacV5_Otu_000219	3	0	0	1	0	0	0	2	1	0	3	1	0	0	2	8	0	5	1	2	0	7	8	40	3	8	7	11	16	47	19	22	12	2	0	5	7	6	4	2	8	23	5	8	8
BacV5_Otu_000221	0	0	0	0	13	0	1	0	0	0	0	6	0	0	0	1	0	0	0	3	0	5	0	48	59	0	35	0	62	0	0	3	0	0	1	0	1	0	0	0	0	0	0	0	0
BacV5_Otu_000222	1	0	1	0	2	1	0	5	2	5	0	4	2	0	7	24	23	5	2	11	26	6	10	6	2	0	2	16	9	10	26	20	3	3	1	3	6	7	15	12	24	18	10	3	14
BacV5_Otu_000223	0	0	0	0	0	0	1	0	0	0	0	0	0	0	0	1	2	3	3	31	237	16	54	50	29	21	49	33	98	23	27	32	33	1	7	7	0	0	2	0	1	2	2	1	1
BacV5_Otu_000224	1	0	0	0	1	0	3	0	1	2	1	1	2	3	3	5	3	5	3	17	21	10	10	4	19	7	2	15	1	15	40	28	10	8	0	5	5	6	8	9	10	8	15	0	9
BacV5_Otu_000226	0	0	0	0	0	0	0	1	2	0	0	0	1	0	0	4	0	3	0	19	167	19	13	17	63	35	57	26	44	31	42	30	35	7	11	4	4	1	4	5	1	4	3	4	5
BacV5_Otu_000228	4	0	2	1	7	1	2	4	2	0	1	8	3	1	13	33	4	18	4	9	16	1	6	2	3	3	0	15	0	13	11	9	7	8	0	6	4	8	13	4	8	17	15	10	14
BacV5_Otu_000230	1	0	2	0	3	2	1	1	0	0	4	2	3	0	4	16	3	4	2	4	0	6	6	21	3	9	0	5	8	10	9	24	0	12	0	0	10	7	6	6	8	6	10	6	26
BacV5_Otu_000231	0	0	2	0	1	1	5	5	5	1	3	4	5	3	4	33	7	43	5	29	0	7	18	18	11	2	11	5	0	10	13	17	5	4	1	4	0	1	4	2	3	3	4	2	0
BacV5_Otu_000235	0	3	26	0	0	2	6	0	3	2	1	1	14	1	1	7	0	32	3	32	5	14	0	0	0	11	0	1	5	3	2	0	0	1	11	1	2	1	2	4	0	2	0	1	1
BacV5_Otu_000236	0	3	2	0	3	2	5	1	3	1	3	4	32	5	13	82	4	87	11	9	0	5	11	6	2	0	2	3	2	3	41	3	5	4	1	1	3	0	4	0	2	2	2	3	0
BacV5_Otu_000237	4	0	2	1	2	0	0	9	1	0	1	1	2	1	4	6	1	2	1	1	0	1	0	10	6	0	1	4	0	6	16	1	0	12	0	3	7	9	41	16	7	7	12	6	9
BacV5_Otu_000238	0	1	1	0	9	3	1	5	4	1	0	2	4	1	1	32	1	13	4	1	19	3	5	15	15	11	0	0	0	21	20	31	6	9	0	2	2	9	11	5	1	9	3	8	14
BacV5_Otu_000241	0	0	0	0	0	0	0	1	5	0	0	0	0	0	0	0	0	0	1	5	0	6	3	122	40	14	85	46	93	2	0	37	4	0	0	0	0	0	0	0	0	0	0	0	0
BacV5_Otu_000243	0	1	0	0	0	0	0	0	0	0	0	0	0	0	0	0	0	0	0	0	0	0	0	22	45	25	18	14	0	6	0	3	0	1	0	0	1	0	3	0	0	0	0	0	1
BacV5_Otu_000244	3	0	1	2	7	0	5	1	1	0	0	2	0	2	5	32	2	14	3	5	0	3	0	18	0	2	13	15	6	31	6	7	5	6	0	5	6	4	4	4	9	1	6	10	2
BacV5_Otu_000247	0	3	22	1	0	0	9	2	10	1	2	11	0	1	3	8	4	49	2	2	15	58	10	4	0	0	1	2	0	0	0	5	0	0	0	0	0	1	0	0	0	0	1	0	0
BacV5_Otu_000248	12	5	0	0	0	1	2	2	1	1	4	5	17	4	0	0	2	6	0	0	2	0	0	0	0	0	0	0	0	0	0	0	0	11	2	9	1	19	12	6	33	12	14	9	17
BacV5_Otu_000249	0	0	0	0	2	1	1	3	2	6	2	0	2	3	5	27	6	12	2	9	5	12	18	9	15	19	7	10	5	10	14	34	11	4	0	6	0	2	12	4	5	8	8	8	11
BacV5_Otu_000250	1	0	0	7	1	0	18	18	3	1	0	0	0	2	3	26	2	15	1	0	0	2	5	6	2	12	0	0	2	24	7	12	4	1	1	4	5	2	10	10	3	0	2	3	4
BacV5_Otu_000251	0	0	0	1	0	0	6	11	15	9	5	4	3	1	12	22	0	0	13	1	0	0	2	3	0	0	6	2	12	0	0	2	0	0	0	5	0	18	0	0	0	0	1	0	0
BacV5_Otu_000255	0	0	0	1	0	2	2	4	1	0	1	1	2	4	3	12	6	9	2	35	6	2	18	70	44	18	16	26	56	5	11	9	7	0	0	0	1	1	1	0	2	5	0	0	0
BacV5_Otu_000258	1	0	1	1	0	0	0	0	0	0	2	3	2	2	2	21	1	17	1	10	3	19	16	8	11	9	14	15	8	3	15	8	6	4	0	0	2	7	9	0	4	2	6	3	4
BacV5_Otu_000259	0	0	20	0	1	1	2	2	0	2	3	2	20	0	15	3	0	32	2	41	36	0	6	1	3	4	0	2	0	1	0	25	1	0	1	0	0	0	1	0	0	0	0	0	0
BacV5_Otu_000260	1	0	1	0	3	0	3	7	3	1	0	4	3	2	4	37	5	11	5	3	0	9	12	13	0	2	3	14	0	6	10	11	7	1	0	1	5	12	11	20	6	11	26	7	19
BacV5_Otu_000261	0	0	0	0	1	0	0	0	0	0	1	0	0	0	0	1	0	2	1	14	90	1	10	13	16	4	55	8	18	12	6	5	15	4	13	12	2	4	6	0	6	3	2	6	6
BacV5_Otu_000266	0	4	2	0	9	0	2	0	5	4	17	56	32	0	18	46	7	36	10	1	0	1	0	0	0	0	1	0	0	5	2	1	1	0	0	1	1	2	0	0	0	0	0	0	0
BacV5_Otu_000267	3	1	1	1	2	0	3	6	2	1	3	0	2	1	1	13	2	9	1	14	0	15	1	19	0	5	10	7	21	39	15	10	2	6	0	4	11	7	18	10	9	26	14	11	12
BacV5_Otu_000268	1	1	0	1	0	0	1	1	0	1	1	0	5	15	2	5	2	5	3	11	0	10	27	33	15	12	14	12	14	2	1	18	8	1	0	0	1	0	1	2	7	3	3	3	2
BacV5_Otu_000270	1	0	0	1	3	0	0	0	0	0	0	0	1	1	1	8	2	6	4	14	1	4	5	43	36	9	7	19	18	3	12	2	17	6	0	73	2	2	4	4	7	2	6	2	1
BacV5_Otu_000272	1	0	0	1	4	1	1	1	3	2	0	4	3	3	2	8	1	7	7	8	2	7	39	26	31	11	16	47	25	4	17	21	0	0	0	0	0	1	0	0	0	4	0	0	2
BacV5_Otu_000276	0	0	2	0	2	2	2	3	3	2	1	2	3	0	7	11	5	3	4	4	3	4	29	19	17	1	10	11	7	4	1	45	36	11	0	0	3	14	4	1	0	22	9	3	4
BacV5_Otu_000277	2	0	1	2	3	1	2	1	0	0	0	2	2	2	2	20	2	9	1	11	0	5	1	2	1	6	2	10	3	8	14	16	1	3	0	3	2	1	22	5	6	9	9	7	7
BacV5_Otu_000279	2	0	0	0	3	3	2	2	0	2	1	2	3	5	7	11	5	11	8	5	0	6	2	7	8	4	0	20	29	8	10	3	2	3	1	0	2	4	14	1	8	8	2	4	15
BacV5_Otu_000284	1	0	0	0	0	1	38	3	6	22	0	88	4	1	1	10	10	13	0	5	0	0	4	0	0	1	5	0	0	0	0	0	0	30	0	0	2	6	1	0	0	5	0	2	0
BacV5_Otu_000285	5	0	0	1	0	1	3	7	2	1	0	0	0	0	3	9	2	10	0	0	0	2	0	0	2	0	1	3	0	4	4	1	1	6	0	1	0	12	23	8	10	4	19	13	13
BacV5_Otu_000286	3	3	1	0	2	4	3	3	3	1	2	2	6	4	1	18	0	26	2	3	1	0	9	8	5	17	7	29	0	8	24	4	3	4	0	1	4	6	12	7	4	10	9	9	8
BacV5_Otu_000288	3	0	2	0	6	2	0	1	1	0	0	4	4	1	6	21	4	19	3	3	0	5	5	0	1	1	4	7	2	0	18	16	5	1	0	0	7	4	10	12	15	15	15	3	9
BacV5_Otu_000293	0	0	2	1	0	0	2	0	16	0	1	0	0	0	30	0	104	1	122	1	0	0	8	0	0	0	0	0	0	0	0	0	0	58	4	0	4	1	0	0	0	3	8	0	0
BacV5_Otu_000294	0	0	0	0	3	1	2	4	2	1	2	2	3	1	2	10	1	20	0	0	0	1	0	0	0	0	0	8	0	4	15	33	0	3	0	0	3	7	2	3	13	14	6	0	4
BacV5_Otu_000295	1	0	0	0	1	0	1	5	1	0	0	4	1	0	2	1	0	2	1	0	13	0	0	4	5	5	0	8	0	14	26	6	0	6	0	12	1	35	3	3	11	5	8	18	2
BacV5_Otu_000297	3	3	0	0	1	1	3	5	3	0	0	4	1	4	2	10	5	6	3	3	36	14	12	37	13	13	14	51	31	0	13	12	11	1	1	0	0	0	0	0	6	0	1	1	0
BacV5_Otu_000299	1	0	3	1	1	0	1	2	4	1	0	3	2	4	5	24	4	12	2	9	0	6	2	11	3	10	5	5	3	17	18	21	1	8	0	2	7	4	5	3	27	7	3	8	5
BacV5_Otu_000301	0	1	0	0	2	0	0	2	2	0	0	0	0	2	0	15	1	7	3	37	0	3	1	1	16	1	14	8	28	5	44	19	1	8	0	3	2	2	4	1	1	3	12	2	11
BacV5_Otu_000302	11	7	2	4	0	2	1	2	0	0	1	2	1	1	4	2	0	4	3	0	0	1	9	3	9	0	0	1	0	3	0	0	0	0	0	23	11	12	27	11	0	17	24	0	16
BacV5_Otu_000303	2	1	1	0	0	1	0	4	2	0	0	2	0	0	2	1	1	8	3	9	0	5	6	3	13	8	14	7	0	19	9	30	5	8	0	1	3	3	10	6	9	14	3	8	11
BacV5_Otu_000305	0	1	0	0	0	0	1	0	0	0	1	0	1	13	3	6	0	4	0	17	15	10	20	41	24	13	6	7	14	4	6	7	11	5	0	2	1	3	0	3	1	0	0	1	0
BacV5_Otu_000309	0	0	0	0	0	0	0	0	0	0	0	0	0	0	0	0	0	0	0	10	0	0	0	16	16	0	22	20	19	0	0	0	0	0	0	0	0	0	0	0	0	0	0	1	0
BacV5_Otu_000313	1	1	0	0	2	0	1	8	0	0	0	5	1	0	1	8	1	34	4	0	0	1	0	0	77	40	0	29	0	2	9	28	0	0	0	0	3	0	9	8	3	5	1	0	10
BacV5_Otu_000314	1	0	0	1	4	3	3	2	2	2	1	2	1	5	1	18	1	7	2	3	35	3	0	9	6	1	0	0	9	21	17	24	8	9	4	3	9	6	14	6	11	9	13	10	7
BacV5_Otu_000317	0	0	1	1	3	0	1	4	1	0	3	1	4	1	1	9	3	12	0	10	0	4	7	0	0	3	3	10	0	11	6	21	0	10	1	4	5	8	15	4	16	4	10	7	10
BacV5_Otu_000318	0	0	0	1	4	0	0	1	3	1	0	3	0	3	2	6	0	4	0	6	0	10	0	10	13	3	5	9	7	1	8	15	10	2	3	15	8	12	12	2	4	6	11	10	14
BacV5_Otu_000320	1	0	0	0	2	0	5	0	3	1	1	3	1	2	2	11	2	10	1	10	1	6	4	8	11	7	2	7	0	8	19	17	22	1	1	4	3	1	5	1	2	4	12	2	1
BacV5_Otu_000321	3	1	1	0	2	1	4	2	0	0	3	2	0	0	4	13	1	5	1	3	0	6	6	4	11	8	0	0	2	7	12	26	20	3	0	13	3	3	4	5	3	8	6	4	5
BacV5_Otu_000322	2	0	0	0	6	0	3	2	0	4	0	0	3	2	4	34	2	1	0	0	22	7	2	7	0	4	0	6	0	8	15	8	2	4	0	1	7	5	15	8	12	12	35	11	17
BacV5_Otu_000323	2	3	0	0	2	1	2	1	1	1	2	0	4	2	2	8	1	5	2	2	0	8	10	7	17	0	0	12	1	28	12	21	7	13	0	5	4	3	6	4	8	8	13	7	11
BacV5_Otu_000324	3	2	2	0	1	0	1	1	0	1	0	4	0	3	0	9	2	4	0	3	0	9	8	12	5	5	5	11	5	12	8	24	3	2	0	4	2	6	15	3	14	11	16	8	12
BacV5_Otu_000326	0	1	0	0	3	0	0	1	2	1	2	0	1	0	1	5	0	5	1	6	0	2	13	0	11	1	3	2	3	6	20	8	6	8	2	8	6	2	14	14	10	17	18	10	4
BacV5_Otu_000328	5	0	0	10	3	32	11	12	4	1	8	3	1	1	1	16	1	8	1	1	0	1	0	20	21	3	12	0	0	1	3	1	4	6	0	0	6	5	3	1	7	2	0	4	3
BacV5_Otu_000329	1	0	1	0	9	0	4	9	0	0	2	4	7	3	8	39	5	14	4	3	10	2	0	0	3	12	0	0	4	15	8	12	7	2	0	0	6	13	4	11	2	12	14	6	11
BacV5_Otu_000331	0	29	0	0	0	1	8	0	0	2	0	0	198	2	1	11	71	6	1	9	0	19	11	2	0	0	1	5	0	0	2	4	1	0	0	2	0	1	0	1	0	2	0	1	1
BacV5_Otu_000333	0	0	0	0	6	0	0	1	1	3	1	2	4	1	6	24	1	7	1	3	0	4	9	21	3	3	4	12	0	16	4	7	0	4	0	3	1	6	9	6	6	7	11	4	8
BacV5_Otu_000334	0	0	0	2	1	1	1	1	1	0	1	1	1	2	2	4	1	4	1	17	3	3	23	22	11	4	6	5	16	6	13	3	2	0	0	0	1	1	1	0	0	2	0	0	0
BacV5_Otu_000336	0	0	0	0	2	1	4	1	3	1	1	0	1	2	0	12	1	5	0	0	0	6	20	14	10	3	8	3	0	24	11	19	5	11	1	10	7	2	5	5	2	5	20	4	11
BacV5_Otu_000339	1	2	0	1	3	1	0	0	1	2	1	5	2	0	3	16	7	8	0	0	0	9	2	0	4	7	2	13	1	20	9	11	8	2	1	0	4	2	14	6	11	7	4	10	6
BacV5_Otu_000341	1	1	0	0	4	1	1	2	0	1	0	2	2	0	4	28	2	5	0	7	0	4	0	0	0	2	5	8	12	4	4	17	3	1	0	6	5	10	14	5	2	9	13	2	4
BacV5_Otu_000342	0	1	0	1	4	8	7	1	1	3	7	7	10	12	8	19	1	47	15	4	0	14	3	10	1	1	11	4	12	3	3	5	3	2	0	3	1	1	0	0	0	1	5	0	0
BacV5_Otu_000343	0	0	0	0	0	1	21	21	0	0	11	36	4	0	11	19	0	71	6	0	0	2	0	0	0	0	0	2	0	0	0	0	0	0	0	0	0	0	0	0	0	0	0	0	0
BacV5_Otu_000344	0	0	0	1	0	0	0	0	0	0	0	0	1	0	4	3	0	1	0	18	15	20	9	20	16	6	14	9	19	20	21	47	8	0	0	2	0	1	0	0	2	2	4	1	1
BacV5_Otu_000346	0	0	2	0	3	1	0	2	1	1	1	2	2	0	1	12	2	6	0	5	10	2	10	10	7	16	4	3	10	15	12	6	9	5	0	3	3	2	4	3	3	6	2	11	11
BacV5_Otu_000368	16	3	3	16	0	0	1	0	0	1	0	24	23	20	13	17	0	1	0	0	1	6	0	0	0	1	1	0	0	0	0	0	1	0	0	1	5	4	1	0	4	3	4	7	10
BacV5_Otu_000379	0	0	27	1	0	0	3	0	0	0	0	0	0	1	0	1	0	72	0	1	1	18	0	3	1	0	0	0	0	0	11	2	4	0	17	0	0	0	0	0	0	0	0	0	0
BacV5_Otu_000385	0	0	1	1	2	7	2	4	1	12	9	8	21	6	10	72	33	44	14	0	1	0	0	0	0	0	0	0	0	0	0	0	0	0	0	0	0	0	0	0	0	0	0	0	0
BacV5_Otu_000387	0	0	0	0	0	0	0	0	1	0	0	0	0	0	0	0	0	0	0	0	0	3	0	13	13	11	19	18	11	0	3	0	0	0	0	0	0	0	0	0	0	0	0	0	0
BacV5_Otu_000388	1	0	0	0	2	1	1	1	0	0	6	2	4	2	14	16	0	31	5	32	0	9	24	4	0	0	1	2	0	2	0	4	0	1	17	2	3	3	3	0	1	2	1	0	3
BacV5_Otu_000391	2	1	0	0	1	2	2	2	1	0	2	1	3	2	0	11	0	4	2	2	0	13	9	4	6	9	8	3	12	16	7	17	1	1	4	1	1	2	3	0	1	4	1	0	3
BacV5_Otu_000394	0	1	7	1	0	2	5	4	3	19	7	11	25	8	29	36	25	33	10	0	0	1	0	0	0	0	0	0	0	0	0	0	0	0	0	0	0	0	0	0	0	0	0	0	0
BacV5_Otu_000403	0	0	0	0	3	1	0	0	1	0	1	1	0	1	1	6	2	4	0	3	6	6	0	18	25	11	14	9	13	1	9	20	0	1	2	0	2	3	6	1	5	13	15	0	10
BacV5_Otu_000406	1	1	1	0	1	1	1	2	1	1	0	0	3	1	0	2	0	1	0	2	0	10	8	12	31	16	0	3	1	6	19	27	2	5	0	8	2	4	6	1	0	2	2	1	7
BacV5_Otu_000414	0	0	0	0	0	0	1	1	1	0	0	1	1	1	2	3	1	3	0	12	0	7	4	18	9	11	4	2	7	2	18	21	8	6	0	1	0	5	6	1	1	3	1	3	3
BacV5_Otu_000415	0	0	5	0	8	2	4	12	1	5	14	6	34	8	19	44	2	49	24	1	0	0	0	0	0	0	1	0	0	0	0	0	0	0	0	0	0	0	0	0	0	0	0	0	0
BacV5_Otu_000416	0	2	6	0	10	7	4	5	3	3	8	9	16	13	10	48	13	15	11	0	0	2	0	0	0	1	0	0	0	0	0	0	0	0	0	0	0	0	0	0	0	1	0	0	2
BacV5_Otu_000417	0	2	0	0	0	1	40	0	0	0	0	1	0	1	1	0	1	2	0	0	0	1	0	1	0	1	0	0	0	0	0	0	0	19	1	7	4	1	6	0	34	12	78	0	0
BacV5_Otu_000418	0	0	0	1	2	0	0	2	0	2	0	2	2	2	2	21	1	7	3	20	15	1	45	8	0	0	9	4	0	7	20	16	22	1	0	0	2	3	6	2	2	4	2	9	2
BacV5_Otu_000424	0	0	0	0	0	0	0	0	0	0	0	0	0	0	0	0	0	0	0	4	21	19	0	20	58	6	27	11	3	1	0	5	0	0	0	0	0	0	0	0	0	0	0	0	0
BacV5_Otu_000429	0	0	0	0	0	0	2	1	1	1	0	1	3	0	1	4	1	6	2	14	0	2	7	3	13	13	10	12	6	6	17	8	3	1	0	8	1	1	5	1	1	1	2	3	2
BacV5_Otu_000431	0	0	1	3	0	1	2	1	3	0	0	3	1	4	1	14	1	9	4	11	15	9	4	32	28	6	11	11	11	1	4	4	4	0	0	2	2	1	4	0	3	5	10	1	0
BacV5_Otu_000433	1	0	0	0	1	2	2	1	1	0	1	0	2	4	3	18	3	6	1	0	0	5	14	0	11	0	19	4	0	3	3	21	18	0	3	0	2	0	3	3	1	0	0	0	3
BacV5_Otu_000444	6	0	0	0	0	0	0	0	1	0	0	3	0	1	0	1	0	11	1	2	0	11	1	32	18	3	1	5	16	3	22	10	5	4	0	0	0	2	6	0	2	4	1	0	2
BacV5_Otu_000462	0	0	0	0	4	2	1	3	0	1	0	1	2	4	2	5	1	9	2	14	2	1	33	17	9	11	10	36	25	1	3	6	8	0	3	0	0	3	1	0	0	2	1	3	0
BacV5_Otu_000471	0	0	3	0	0	2	1	1	4	6	1	37	11	0	0	80	5	44	20	0	0	2	0	0	0	0	0	0	0	0	0	0	0	0	0	0	0	0	0	0	0	0	0	0	0
BacV5_Otu_000480	0	0	0	0	2	1	0	1	0	1	0	23	1	0	9	22	4	10	1	0	0	0	0	0	0	1	0	0	0	0	0	0	0	7	0	0	6	2	16	11	7	3	9	11	13
BacV5_Otu_000498	1	0	0	0	1	1	0	0	2	0	0	0	0	0	0	0	0	0	1	0	0	3	0	17	39	15	11	0	20	0	1	0	0	0	0	0	0	3	1	0	0	0	0	0	0
BacV5_Otu_000542	0	0	7	0	5	0	1	2	0	7	1	6	12	9	13	49	5	27	12	0	0	0	0	0	0	0	0	0	0	0	0	1	0	0	0	0	0	0	0	0	0	0	0	0	0
BacV5_Otu_000564	0	15	1	0	0	1	0	1	0	1	0	1	58	2	0	5	24	2	0	15	0	6	4	11	5	0	0	5	0	4	1	0	3	0	0	0	0	1	0	1	2	1	1	0	0
BacV5_Otu_000677	0	0	0	0	1	0	0	0	0	0	0	0	3	0	0	5	0	3	0	7	0	1	12	13	2	4	13	11	0	10	8	12	1	0	0	0	2	0	2	0	2	4	2	0	1
Ftrad_Otu_00001	867	1013	10	9	10956	2133	8607	5644	34704	18180	44391	6501	20641	14835	17420	40081	21634	86013	28282	2038	1448	1374	321	685	7725	1281	14470	6060	761	18699	489	5021	5425	78	4	443	74	771	146	1012	691	389	191	142	111
Ftrad_Otu_00002	16544	7146	5	0	1917	1682	459	2252	2702	473	25517	3774	6420	4859	1850	12988	1277	12794	2518	2484	908	4878	2059	13439	8974	11122	10975	3137	6107	3206	4910	4085	2932	2572	476	917	747	3280	3586	1252	768	2443	507	887	922
Ftrad_Otu_00003	201	38	11	336	54	13	0	3	0	14	6	39	11	0	0	7	1	4	14	2438	911	1045	1315	644	452	97	2099	11455	69	4524	30852	14704	1834	18	1	3	25	59	2328	14	59	20	11	102	47
Ftrad_Otu_00004	7360	2123	22	1	557	948	197	305	953	370	1627	1821	1323	1499	1036	2237	473	2506	649	1280	113	2608	527	1079	1543	1393	1087	935	717	620	2340	868	1226	511	219	561	580	2269	679	1392	1259	746	476	1140	254
Ftrad_Otu_00005	5903	3537	0	1	491	222	262	242	892	367	1561	5134	1699	2082	3161	6151	483	2983	1493	1029	290	1940	1072	2055	2551	3947	2827	2270	1961	2572	548	2312	3395	206	37	591	365	523	337	561	490	697	547	690	282
Ftrad_Otu_00006	10	0	3	0	8	23	0	0	0	0	0	0	0	21	0	0	0	0	0	9	8	0	3	15	29	3	11	12	87	3	0	18	9	1551	3967	7350	3158	7637	3875	6723	7623	5656	7995	8489	2132
Ftrad_Otu_00007	811	969	0	1	423	389	310	59	323	112	747	1143	1201	7810	25496	327	250	3850	801	63	1	9	19	0	0	14	18	8	95	10	0	9	2958	106	75	859	231	1854	571	145	1072	2515	559	1780	43
Ftrad_Otu_00008	0	0	0	0	0	0	0	0	0	0	0	0	0	0	0	0	0	0	0	1	7	3	10	0	4	0	12	13	240	3	0	0	38	1745	4082	8579	2729	6354	3904	6730	6903	5996	7892	8506	1784
Ftrad_Otu_00009	1211	8769	1	1	1180	1164	17	50	417	163	975	261	1051	1314	6097	403	529	378	3515	57	2	248	3	4052	39	22	89	11	20	11	2	6	19	78	22	100	439	1453	128	535	4238	164	99	3854	14
Ftrad_Otu_00010	79818	315	0	0	6	5	730	11	53	60	59	3314	1036	414	471	164	60	4817	88	0	0	7	0	11	0	7	0	0	0	0	0	1	0	39	25	4074	16	102	310	128	113	21	7	324	29
Ftrad_Otu_00011	1276	1639	2	0	100	69	102	223	940	160	4710	169	481	251	270	2859	84	656	415	91	12	51	109	12	1	28	23	187	353	126	41	515	366	3	3	29	41	25	18	32	12	4	4	80	4
Ftrad_Otu_00012	3294	934	11	1	582	576	93	280	354	287	862	225	485	191	414	615	86	1057	180	511	197	1787	295	837	1251	2073	840	861	553	648	2699	425	1257	277	163	185	309	979	657	1965	754	1621	389	857	144
Ftrad_Otu_00013	2750	1034	26	2	130	67	60	71	215	34	788	1931	195	583	202	10603	64	4025	110	307	58	195	265	136	276	189	220	1716	362	725	279	925	1181	160	46	80	273	480	355	413	305	292	198	249	32
Ftrad_Otu_00014	503	128	1	0	158	62	0	50	1161	3	97	117	9	66	160	432	16	233	22	18	40	20	66	29	14	52	37	1207	0	29	2894	170	5428	947	23	235	50	112	677	95	121	2235	38	1802	31
Ftrad_Otu_00015	3288	37	10	4	12	18	30	9	63	5	110	11942	498	708	176	259	50	7	253	9	0	6	9	0	0	0	5	0	25	12	28	19	1949	3	12	283	51	84	382	284	16	90	17	45	37
Ftrad_Otu_00016	1105	24389	23	5	0	0	14	1	25	0	1	18	3	27	50	4	0	2	11	1	0	0	0	0	0	2	0	3	0	44	0	0	0	26	2	0	8	2358	40	393	73	0	2	1003	229
Ftrad_Otu_00017	55	223	1	0	19	21	36	30	116	48	306	944	108	335	163	188	44	297	18	20	7	50	14	78	180	196	33	213	974	1466	19	32	1141	10	5	13	12	65	66	34	25	4	8	50	0
Ftrad_Otu_00018	3818	4845	0	1	187	74	52	41	80	27	572	121	192	291	131	331	151	628	119	143	40	2375	28	129	156	23	1144	131	142	82	429	239	383	280	45	175	25	376	335	292	462	154	144	77	76
Ftrad_Otu_00019	24	152	0	6	29	25	2	17	22	58	53	274	11	0	4	3	4	16	34	0	10	1	3	18	0	0	0	9	0	3	4	219	72	768	3792	222	73	94	12162	1782	59	109	2734	81	6895
Ftrad_Otu_00020	5754	264	0	0	14	21	24	17	23	2	13	364	1355	55	73	216	6	614	524	8	1	19	607	0	0	0	0	37	0	0	6	0	0	8	488	165	0	97	20	486	39	39	15	56	9
Ftrad_Otu_00021	51	4	8	0	7	28	7	9	0	19	58	336	74	324	1	204	35	179	41	16	0	20	34	0	31	14	0	3	2	5	14	10	0	19	359	45	41	48	531	1492	14	87	78	56	10
Ftrad_Otu_00022	21	44	0	0	35	24	8	82	42	7	30	410	32	56	9	32	13	123	11	18	0	29	58	3	90	22	242	18	6	367	3	2168	62	14	426	19	24	2	29	467	2	7	11	37	8
Ftrad_Otu_00023	3	69	1	0	3	46	7	2	12	1	414	19	16	402	37	277	9	3105	24	15	23	856	21	15	344	31	0	48	12	27	0	19	60	19	1	15	6	11	181	19	9	20	17	9	6
Ftrad_Otu_00024	180	154	338	0	4	25	2	5	21	2	94	9	0	0	4	20	4	22	2	0	1	34	170	11	25	0	0	0	0	117	0	2626	0	16	114	0	244	161	31	25	43	0	3	183	13116
Ftrad_Otu_00025	35	11	0	4	1	0	2	4	234	1	286	25	1	1	57	2	8	3	2	0	10	1	1	4	6	2	2	0	5	7	0	0	3	1	0	51	0	9	7	4	12	3	3	12	6
Ftrad_Otu_00026	76	34	5	0	5	19	8	8	704	47	179	422	152	204	121	75	19	108	73	23	12	103	9	62	157	58	25	23	14	16	2	11	20	2	0	40	5	147	26	6	8	2	3	7	2
Ftrad_Otu_00027	91	502	0	8	0	0	3	3	0	1	0	1349	6	710	7	0	5	0	2	0	0	0	0	0	59	0	0	0	0	0	0	0	0	18	1	4	0	19	7	12	0	12859	0	425	5
Ftrad_Otu_00028	401	557	7	9	1	0	1	0	2	0	0	0	32	4	7	0	0	7	0	88	1	7	82	0	11	0	25	0	10	35	0	1214	0	29	40	8	820	2434	125	88	89	1734	0	2156	61
Ftrad_Otu_00029	7732	681	0	0	15	21	56	4	72	14	76	268	83	155	148	329	16	41	15	7	8	130	11	475	439	108	73	249	53	513	91	85	195	238	24	383	226	967	976	694	1344	912	618	677	327
Ftrad_Otu_00030	975	540	1	1	85	85	27	284	69	52	237	102	198	77	266	279	38	824	355	49	12	170	17	22	59	42	107	43	108	84	75	89	203	195	50	373	82	1390	176	509	85	504	100	1063	63
Ftrad_Otu_00031	315	266	1	1	48	16	2	7	43	26	241	41	46	127	89	246	29	325	64	12	0	29	27	33	17	0	87	61	58	78	29	10	95	30	10	95	86	115	147	62	65	101	33	157	43
Ftrad_Otu_00032	3	3	0	0	3	0	8	12	4	14	22	393	253	75	13	541	24	134	15	32	2	35	106	28	19	20	1	11	19	40	1	31	7	61	796	1	3	17	21	28	11	1	71	7	8
Ftrad_Otu_00033	99	12	0	0	29	77	1036	34	4	10	33	72	244	5	0	29	19	93	16	14	1	4	104	0	0	0	0	3	0	2397	6	418	1218	2861	43	0	188	717	9	4	42	1	0	46	0
Ftrad_Otu_00034	0	60	0	0	11	1	1	2	18	6	16	26	18	5	21	26	5	42	11	0	0	0	0	0	0	0	0	1	0	0	1	22	0	0	0	8	12	14	2	22	0	94	16	6	5
Ftrad_Otu_00035	4481	732	0	0	62	59	24	1	27	32	37	0	79	15	22	509	0	133	24	8	0	3	0	18	91	9	9	0	0	40	0	99	0	26	3280	149	59	668	87	3121	35	65	294	189	36
Ftrad_Otu_00036	1247	242	2	0	46	29	17	25	142	25	278	47	192	139	61	271	54	345	84	23	0	317	28	145	38	0	102	16	119	65	63	100	11	47	3	0	83	283	133	412	124	233	133	88	26
Ftrad_Otu_00037	665	200	0	0	143	168	51	10	29	15	369	37	289	48	115	35	14	1062	123	4	15	66	289	105	30	85	24	257	55	259	42	80	67	70	13	8	41	112	308	171	112	238	58	214	52
Ftrad_Otu_00038	437	23	0	0	27	17	12	30	14	19	28	1	221	15	41	51	25	130	135	4	4	110	0	5	8	0	0	25	0	20	20	6	4	12	141	14	30	210	0	0	52	24	7	263	9
Ftrad_Otu_00039	245	518	1	0	58	26	3	32	86	65	107	6	27	16	22	50	9	412	7	40	22	622	24	219	69	93	220	31	72	52	130	116	248	25	29	6	22	33	26	130	10	38	14	17	6
Ftrad_Otu_00041	623	151	5	0	224	249	1	40	6	137	17	19	17	2	19	14	2	4	0	0	0	0	0	0	0	0	0	4	0	0	0	0	0	78	63	902	2137	101	448	1132	39	18	2342	23	2210
Ftrad_Otu_00042	526	201	0	0	85	122	2	35	12	2	103	5	190	57	39	17	18	400	309	71	27	186	84	76	131	38	14	528	89	126	527	26	92	10	339	25	24	190	240	171	43	71	69	16	7
Ftrad_Otu_00043	75	5	0	0	39	47	4	12	31	18	1698	128	619	320	47	87	10	704	22	21	8	179	132	251	88	0	29	275	151	299	7	160	49	13	4	0	1	0	61	4	0	9	0	0	0
Ftrad_Otu_00044	52	3	0	0	6	0	1	1	0	0	8	0	0	10	2	0	0	2	6	0	0	18	0	0	0	0	0	15	0	14	1	14	0	17	39	0	56	20	41	139	1	49	228	19	43
Ftrad_Otu_00045	25	16	0	0	8	2	1	7	10	10	14	11	51	15	16	16	67	24	95	8	15	78	0	8	23	1	0	51	0	0	29	10	14	3	40	0	0	31	13	0	0	7	0	30	6
Ftrad_Otu_00047	2577	1211	1	0	2	3	0	0	11	7	25	20	10	24	9	3	15	45	0	19	0	34	10	55	69	6	23	7	0	17	21	9	11	233	12	424	64	237	186	732	12	46	125	735	15
Ftrad_Otu_00048	2060	549	0	0	16	21	2	3	17	3	118	7	38	27	17	19	2	753	34	5	0	20	7	37	0	22	0	17	26	54	11	22	6	21	31	16	13	5	97	294	200	3	55	41	2
Ftrad_Otu_00049	2296	56	0	0	3	0	7	2	2	1	5	26	13	38	28	72	1	10	7	2	14	89	10	1184	488	544	253	111	97	189	37	76	119	6	0	0	19	22	15	10	105	55	14	14	12
Ftrad_Otu_00050	44	54	0	0	15	2	10	0	3	0	1	64	0	0	0	0	0	0	0	28	1	5	117	4	50	1	0	31	0	51	0	49	0	3035	71	1	18	19	0	0	0	1	0	0	0
Ftrad_Otu_00051	209	95	0	0	11	14	12	28	30	21	0	0	93	10	12	178	6	56	6	59	1	68	0	2	7	92	21	6	189	9	1	0	0	24	1	64	43	94	230	76	104	196	40	26	53
Ftrad_Otu_00052	1723	2	0	0	12	4	11	5	16	11	17	209	52	101	438	31	16	124	48	0	0	0	0	0	0	0	0	0	0	0	0	0	0	163	16	10	42	0	137	303	0	60	507	20	10
Ftrad_Otu_00054	2110	345	0	0	5	3	8	2	0	0	2	76	31	3	13	10	6	9	6	28	5	4	7	30	39	0	12	32	0	5	17	34	36	21	35	14	24	122	285	242	213	218	34	43	65
Ftrad_Otu_00055	767	490	0	1	25	4	8	7	31	14	29	172	55	178	175	491	26	94	56	0	0	13	0	15	0	0	20	10	0	0	0	5	0	22	8	55	50	76	46	42	12	144	193	139	30
Ftrad_Otu_00056	76	13	0	0	20	40	6	14	12	13	96	13	27	29	23	18	2	54	43	21	3	24	0	16	0	0	4	15	0	2	49	5	0	3	27	0	0	65	6	0	60	10	0	34	0
Ftrad_Otu_00057	347	57	0	1	18	36	23	4	6	8	6	0	24	6	7	136	5	34	64	22	13	7	0	1	0	311	0	9	79	1	13	58	8	5	0	1	0	1	6	0	72	28	0	4	11
Ftrad_Otu_00058	94	98	3	0	11	3	1	0	7	3	20	36	1	18	3	3	4	35	15	4	0	15	0	0	29	8	0	4	0	3	3	57	7	14	3	0	15	59	9	33	0	21	4	39	37
Ftrad_Otu_00060	859	49	1	0	14	5	9	13	19	5	81	73	37	108	59	77	7	105	20	18	1	90	17	6	20	24	46	15	13	111	26	45	14	16	0	21	17	59	15	3	180	123	10	59	5
Ftrad_Otu_00061	1	3	0	0	122	124	27	99	35	76	203	120	231	27	1231	144	81	637	218	2	0	0	0	1	0	0	0	0	5	3	8	0	0	1	1	0	0	38	6	50	0	14	11	49	2
Ftrad_Otu_00062	16	0	0	0	71	28	30	152	86	20	140	25	563	12	78	10	17	464	66	0	0	0	0	0	0	0	0	0	0	0	0	0	0	0	0	0	0	14	4	0	0	0	0	0	9
Ftrad_Otu_00064	0	0	0	0	0	0	0	0	0	0	0	0	0	0	0	0	2	0	0	73	224	138	61	206	296	378	216	121	354	82	46	174	153	10	40	172	16	75	55	61	64	43	23	73	11
Ftrad_Otu_00066	122	289	0	0	25	67	23	44	31	13	102	148	53	130	147	506	45	286	206	0	0	0	0	0	0	0	0	0	0	0	0	0	0	5	8	22	15	105	53	259	136	54	158	11	19
Ftrad_Otu_00067	136	7	0	0	148	71	40	32	4	14	84	3	123	44	356	195	6	1565	104	0	0	0	0	28	13	5	0	0	0	4	0	1	7	1	0	6	11	24	47	460	32	32	93	6	10
Ftrad_Otu_00068	2575	0	0	0	0	1	3	0	0	0	774	0	361	0	0	30	0	8	13	0	0	0	0	0	21	0	0	0	0	0	0	0	0	0	0	0	0	0	162	0	0	5	0	0	0
Ftrad_Otu_00069	1382	42	0	0	0	0	0	0	0	0	0	0	0	3	0	1	0	24	2	0	0	0	0	0	0	0	6	0	0	0	2	0	0	56	16	0	48	282	0	372	149	393	0	945	32
Ftrad_Otu_00070	0	25	0	0	41	26	19	0	1	14	6	0	961	116	13	20	26	15	14	0	0	0	0	0	0	0	0	0	0	0	0	0	0	0	0	0	0	0	0	0	0	0	0	0	0
Ftrad_Otu_00071	17	59	0	0	10	2	0	6	8	1	15	4	19	6	21	5	0	45	0	1	1	6	7	0	0	16	0	0	8	5	1	3	0	14	1	0	39	60	62	12	49	0	5	47	1
Ftrad_Otu_00072	28	6	0	0	0	3	4	2	5	10	7	24	77	14	6	9	19	200	81	0	0	0	0	0	0	0	0	0	0	0	2	13	0	0	0	6	0	0	0	23	0	0	0	0	0
Ftrad_Otu_00073	1	1	0	0	28	10	28	3	10	5	2	893	104	42	13	47	25	5	5	0	0	0	0	0	0	0	0	0	0	0	0	0	0	0	1	0	3	0	0	0	0	0	0	0	3
Ftrad_Otu_00075	0	0	1	0	0	0	0	7	1	0	0	0	18	16	59	0	0	232	2	0	0	85	0	0	36	0	0	0	95	0	0	0	0	0	0	77	0	0	0	1	248	214	24	0	0
Ftrad_Otu_00076	32	129	1	0	28	10	10	24	5	8	19	82	27	33	45	0	6	8	2	8	0	0	2	0	0	0	0	2	0	0	0	0	0	6	2	11	9	45	14	18	22	21	45	45	13
Ftrad_Otu_00078	1673	117	0	0	0	2	0	0	0	1	6	8	0	4	7	0	4	14	2	3	0	5	0	28	15	14	0	7	0	439	9	9	32	27	7	32	23	120	92	82	217	54	7	226	42
Ftrad_Otu_00079	2995	0	0	0	0	0	0	0	0	0	0	0	0	0	0	0	0	0	0	0	0	0	0	0	0	0	0	0	0	0	0	0	0	73	0	0	13	3	10	328	55	0	0	2	40
Ftrad_Otu_00080	472	167	0	0	1	0	3	4	3	1	9	0	27	18	15	16	7	30	4	8	1	48	2	0	144	62	37	12	0	11	23	3	0	19	22	66	23	56	21	8	32	19	0	94	14
Ftrad_Otu_00082	67	148	0	0	617	48	15	6	28	3	42	103	32	31	52	331	23	93	116	0	0	6	2	8	0	11	0	0	0	0	0	57	0	4	26	0	3	58	0	23	18	25	59	51	9
Ftrad_Otu_00084	13	48	0	0	42	9	5	66	5	9	186	220	68	7	1	73	44	1	1	0	0	0	0	0	0	0	0	12	0	0	0	0	0	0	0	0	12	81	0	2	126	0	10	19	11
Ftrad_Otu_00086	76	1	0	0	3	16	1	0	0	1	1	29	3	14	68	0	4	2	3	0	0	0	0	0	0	0	0	0	0	0	0	0	0	7	7	3	3	0	35	7	0	0	15	12	9
Ftrad_Otu_00087	425	0	0	0	5	0	3	0	0	0	0	0	0	0	22	0	0	14	0	39	12	50	23	0	0	119	0	20	59	135	47	32	22	2	0	0	65	0	22	68	0	58	0	115	0
Ftrad_Otu_00088	167	0	0	0	13	4	4	3	9	0	119	80	4	25	0	20	12	19	14	2	26	4	40	18	67	4	231	237	135	29	20	0	109	2	0	0	26	18	98	0	0	1	45	32	2
Ftrad_Otu_00089	300	50	0	0	19	16	17	104	39	15	97	56	177	15	72	241	77	50	28	1	1	7	0	5	5	0	11	3	0	0	4	0	0	0	0	0	0	9	0	52	0	0	0	0	0
Ftrad_Otu_00090	356	108	0	0	6	2	3	0	14	1	22	63	6	21	20	55	5	8	14	24	6	29	29	68	115	172	45	67	121	53	13	48	44	9	12	23	11	74	20	28	114	68	24	10	28
Ftrad_Otu_00091	0	0	0	0	0	0	0	0	0	0	0	1	0	0	1	0	7	0	0	23	1	168	7	531	161	320	84	63	68	99	97	115	76	0	0	0	0	0	0	0	1	0	0	0	0
Ftrad_Otu_00092	35	10	0	0	6	11	3	1	14	1	5	19	4	0	6	18	4	13	0	4	1	62	12	4	7	7	0	32	20	12	15	5	14	37	5	0	4	11	546	63	16	16	21	48	30
Ftrad_Otu_00093	33	6	0	0	6	0	0	3	12	0	16	17	7	30	9	17	5	5	2	10	1	26	3	27	17	19	4	6	17	24	2	3	9	0	0	1	1	0	4	6	0	0	1	1	0
Ftrad_Otu_00095	348	6	0	0	2	2	0	1	6	2	55	5	0	21	15	23	2	40	13	20	2	7	19	9	31	83	6	8	11	1	6	10	43	0	0	0	3	0	0	85	56	0	0	40	0
Ftrad_Otu_00096	0	0	1	0	9	0	0	2	1	0	35	0	0	14	0	0	0	101	1	0	0	0	0	0	0	0	0	0	0	0	3	0	0	1	207	0	0	222	0	0	27	16	25	35	7
Ftrad_Otu_00098	2085	4	0	0	0	0	0	0	0	0	0	0	0	0	0	0	0	0	0	0	0	0	0	0	0	0	0	0	0	0	0	0	0	43	2	7	14	51	10	155	21	0	84	10	27
Ftrad_Otu_00099	260	31	0	0	4	2	9	1	5	7	27	60	19	21	13	84	8	24	10	8	1	12	1	16	18	24	0	35	0	31	9	38	27	11	1	16	19	21	26	10	77	63	0	69	0
Ftrad_Otu_00101	220	347	0	0	3	2	0	7	1	2	69	14	33	9	10	9	0	14	0	2	0	0	4	14	0	0	0	0	0	51	0	0	0	23	0	0	7	39	90	95	25	12	48	6	8
Ftrad_Otu_00102	0	0	0	0	0	0	0	1	0	0	0	549	10	0	1	5	0	0	0	269	7	484	0	0	0	146	0	0	0	0	0	466	0	0	0	0	0	0	0	0	0	0	0	0	0
Ftrad_Otu_00105	65	38	0	0	9	15	14	15	34	5	65	321	73	360	157	67	31	139	398	0	0	0	1	0	0	0	0	0	0	0	0	0	10	0	0	0	22	1	0	0	0	0	0	0	6
Ftrad_Otu_00106	65	8	0	0	51	37	8	61	26	22	67	113	82	14	224	141	19	62	43	3	0	7	0	0	18	7	0	3	0	5	2	3	0	8	10	0	0	7	0	12	0	20	25	0	3
Ftrad_Otu_00107	327	95	0	0	3	3	7	2	19	5	33	56	18	8	44	70	5	39	20	12	14	33	8	46	21	73	105	54	15	41	18	32	58	3	1	0	8	114	16	12	15	3	10	32	1
Ftrad_Otu_00108	1205	2	0	0	0	0	0	1	0	0	0	0	2	2	0	19	1	3	0	0	0	0	0	0	0	0	0	2	0	159	0	47	7	8	0	0	0	26	22	2	0	1	20	44	7
Ftrad_Otu_00109	81	39	0	0	2	4	3	4	7	10	15	23	13	27	8	51	2	34	4	1	1	56	0	80	0	0	21	21	29	13	8	15	16	3	1	0	4	0	53	12	92	0	0	12	0
Ftrad_Otu_00110	40	696	0	0	7	9	4	0	10	12	2	21	3	16	24	45	6	72	11	0	0	0	0	0	0	0	0	0	0	0	5	0	13	1	2	0	7	12	41	109	413	13	69	9	4
Ftrad_Otu_00111	53	32	0	0	6	1	3	1	5	3	1	8	7	0	13	0	1	1	2	3	0	1	0	7	10	0	0	0	0	603	0	0	0	1	1	0	8	195	5	11	19	18	5	133	5
Ftrad_Otu_00112	17	41	0	0	3	1	3	0	4	3	1	0	5	4	0	0	1	6	4	0	0	12	5	7	0	0	0	0	0	1	4	14	0	0	1	0	5	34	24	89	0	22	3	0	7
Ftrad_Otu_00113	0	3	0	0	0	0	2	0	2	1	0	0	0	3	7	4	0	3	6	10	1	40	4	336	137	38	4	151	20	55	15	3	75	0	0	0	0	4	0	0	0	0	0	0	0
Ftrad_Otu_00114	39	36	0	0	9	7	10	7	24	4	38	45	31	66	50	34	10	70	12	25	7	61	17	40	43	21	32	36	36	7	15	28	20	5	0	0	7	132	17	9	18	35	0	11	2
Ftrad_Otu_00117	18	6	1	0	3	0	3	1	3	7	5	33	14	3	298	17	1	3	21	23	1	0	0	0	0	0	0	0	0	0	1	0	0	0	3	0	1	8	0	20	4	41	1266	0	4
Ftrad_Otu_00118	158	1	0	1	10	0	0	6	2	0	6	0	11	0	9	36	1	8	0	3	0	0	0	0	0	0	0	923	0	18	0	0	0	0	0	0	4	4	0	0	32	19	28	28	19
Ftrad_Otu_00119	0	51	0	0	0	3	0	3	10	3	2	1	21	28	3	4	0	38	0	2	0	3	0	0	7	0	4	2	3	0	0	0	0	131	600	59	0	0	0	15	272	0	0	0	0
Ftrad_Otu_00121	39	0	1	0	0	4	2	1	4	14	19	0	1	53	4	20	6	6	3	0	0	0	0	40	24	0	0	0	0	0	0	0	0	0	0	0	0	0	0	0	0	0	0	0	0
Ftrad_Otu_00122	47	15	0	0	6	8	1	12	35	10	22	28	33	15	73	58	4	20	51	2	0	23	2	0	0	0	10	0	0	17	0	0	0	2	0	0	0	4	39	27	0	1	9	26	2
Ftrad_Otu_00123	12	32	0	0	40	16	22	7	77	23	83	258	90	103	217	455	32	88	83	4	17	15	0	0	12	35	0	14	0	20	9	9	23	0	0	0	0	0	0	10	32	12	2	0	1
Ftrad_Otu_00124	4	24	0	0	27	40	14	23	22	17	39	4	67	5	50	104	26	224	99	0	0	0	0	0	0	0	0	0	0	0	0	4	0	0	0	0	0	21	0	19	0	0	0	0	0
Ftrad_Otu_00125	90	0	0	1	2	5	2	22	4	34	39	20	24	34	22	59	7	280	31	3	2	0	13	0	0	0	0	0	15	0	0	2	0	0	0	0	0	0	2	55	66	0	0	7	1
Ftrad_Otu_00126	58	24	0	1	12	11	3	5	5	1	13	14	46	0	13	28	1	47	5	1	10	5	5	8	0	472	0	2	13	0	7	1	5	7	1	10	54	24	11	11	34	4	3	5	4
Ftrad_Otu_00128	149	59	0	0	5	2	7	6	21	9	32	28	36	52	44	278	4	45	21	1	0	8	1	0	15	1	8	0	9	19	3	4	0	1	0	0	31	90	9	6	45	42	14	5	0
Ftrad_Otu_00129	50	5	2	2	1	4	0	1	5	12	12	18	22	22	1	46	5	31	16	4	1	9	3	0	19	0	4	5	0	0	60	25	9	1	21	0	3	24	4	25	32	0	0	23	11
Ftrad_Otu_00130	47	33	1	0	0	2	2	0	3	0	4	5	0	0	2	1	1	2	0	4	0	36	7	1	5	0	2	3	0	9	23	32	6	10	48	15	1	3	136	12	12	44	12	32	5
Ftrad_Otu_00131	3	70	0	0	8	2	1	6	17	5	41	28	26	35	48	88	2	20	5	18	2	17	2	5	21	8	6	19	25	8	69	8	20	19	0	0	1	22	66	0	0	0	19	15	0
Ftrad_Otu_00132	88	1	0	4	1	0	0	0	0	0	0	2	0	0	7	0	0	142	1	0	0	13	36	97	0	83	164	22	3	33	6	18	3	0	0	0	0	0	0	15	14	0	0	17	5
Ftrad_Otu_00133	563	89	0	0	4	1	0	3	4	0	8	6	1	3	8	3	5	1	17	0	0	0	4	93	52	0	0	0	3	29	1	7	14	15	2	38	25	45	14	102	11	46	20	8	12
Ftrad_Otu_00134	91	3	0	0	0	0	0	0	0	0	0	0	0	3	4	0	0	0	0	13	1	36	2	55	109	88	33	11	15	16	3	20	23	0	3	0	0	3	2	54	4	9	2	7	3
Ftrad_Otu_00135	333	0	0	0	10	17	3	6	9	8	6	0	28	0	2	254	2	99	9	0	0	1	0	0	0	0	0	5	0	0	0	0	0	49	14	0	0	5	8	23	21	13	84	34	16
Ftrad_Otu_00136	7	15	0	0	0	0	0	0	6	1	0	10	3	0	1	17	1	6	0	15	1	90	7	48	18	15	70	38	21	10	22	16	13	1	0	0	4	5	5	15	11	24	7	37	0
Ftrad_Otu_00137	2	58	0	0	51	24	6	15	18	26	49	15	54	14	63	164	16	79	208	0	0	7	8	14	0	7	0	15	0	9	0	6	0	0	0	0	0	0	76	0	9	8	23	0	0
Ftrad_Otu_00139	156	19	0	0	22	8	5	6	39	6	34	138	37	63	165	257	15	75	50	0	0	12	9	0	4	0	10	20	0	13	1	4	14	3	0	0	22	7	9	0	44	10	1	26	5
Ftrad_Otu_00141	22	26	0	0	9	1	3	3	8	4	0	0	13	14	75	51	0	28	1	0	0	1	2	1	0	0	0	0	0	0	0	0	13	0	0	0	0	45	0	0	0	3	0	0	1
Ftrad_Otu_00142	88	147	0	0	0	0	0	0	0	0	0	0	0	0	0	0	0	0	0	0	0	0	0	0	0	0	0	0	0	0	0	0	0	0	0	37	49	9	4	18	13	9	0	6	0
Ftrad_Otu_00143	0	7	0	0	27	17	25	11	75	16	83	250	85	103	251	270	25	80	80	0	0	6	0	0	24	0	0	0	13	3	3	0	8	0	0	0	0	0	0	0	6	0	0	0	0
Ftrad_Otu_00144	11	169	0	0	0	0	2	1	2	0	2	5	11	9	19	5	0	4	8	0	0	8	0	63	0	0	0	0	4	0	0	0	0	20	0	0	0	0	0	0	1	0	0	55	0
Ftrad_Otu_00145	516	3	0	0	0	0	0	0	0	0	0	0	1	0	0	0	0	0	0	0	0	0	1	0	0	0	0	0	0	0	0	0	107	2	16	0	3	26	5	55	0	2	8	38	5
Ftrad_Otu_00147	745	0	0	0	11	6	0	12	3	3	0	3	7	0	0	3	0	1	0	0	0	0	0	0	0	0	0	0	0	0	0	2	0	6	1	13	36	47	0	170	40	0	0	35	34
Ftrad_Otu_00148	577	49	0	0	0	0	1	0	0	0	0	0	1	0	1	0	0	1	0	0	5	0	0	0	0	0	0	0	0	0	0	0	0	11	8	40	45	54	67	53	101	23	23	40	34
Ftrad_Otu_00149	183	108	0	0	7	2	0	2	16	2	20	74	10	18	21	87	1	12	17	2	0	4	0	0	0	0	10	6	8	12	5	0	0	0	0	25	12	32	20	16	59	20	9	119	4
Ftrad_Otu_00151	159	76	0	0	2	3	2	0	15	3	26	64	13	32	28	76	5	18	31	5	0	12	1	0	21	38	0	5	24	13	0	6	11	3	0	5	10	41	9	0	22	35	19	33	2
Ftrad_Otu_00152	263	118	0	0	3	4	1	1	0	0	8	0	0	5	3	23	1	50	14	0	0	0	0	8	16	4	0	0	0	1	10	25	24	2	0	0	0	0	1	14	59	42	0	51	4
Ftrad_Otu_00153	0	0	0	0	0	0	0	0	0	0	0	0	0	0	0	0	0	0	0	7	1	44	37	98	167	153	73	63	183	4	10	64	23	0	0	0	0	0	0	0	0	0	0	0	0
Ftrad_Otu_00154	0	0	0	0	0	0	0	0	0	0	0	0	2	0	0	4	0	1	0	0	0	15	1	129	64	49	9	39	51	12	12	5	118	0	0	0	0	0	0	0	0	0	0	0	0
Ftrad_Otu_00156	7	23	0	0	1	0	0	0	0	0	2	7	1	2	3	20	1	2	3	26	0	30	52	45	123	105	84	42	107	98	8	92	57	0	0	0	3	0	0	21	0	0	24	1	0
Ftrad_Otu_00158	3	54	0	0	0	0	1	4	5	0	29	16	8	8	1	28	4	13	10	11	0	26	26	47	0	16	4	8	27	29	3	0	20	4	0	0	17	22	0	7	0	35	5	0	1
Ftrad_Otu_00159	0	5	0	0	0	0	0	0	0	0	2	0	0	0	3	0	0	0	0	1	0	2	0	648	48	3	0	123	0	0	1	7	0	1	1	0	15	10	23	15	11	0	37	0	2
Ftrad_Otu_00161	294	712	0	0	4	0	0	0	0	0	0	0	0	0	0	0	0	0	0	0	0	0	0	0	0	0	0	0	0	0	0	0	0	7	8	0	19	56	30	54	15	41	0	61	3
Ftrad_Otu_00162	10	146	1	0	9	16	0	0	5	3	1	2	29	115	101	0	4	0	6	0	0	0	0	0	0	0	0	0	0	0	0	0	0	7	1	0	0	0	4	0	0	0	0	0	0
Ftrad_Otu_00163	130	67	0	0	5	1	3	4	5	0	4	13	6	3	7	7	0	3	4	0	0	11	0	9	30	0	0	4	0	0	0	57	4	2	0	0	2	0	1	6	0	28	19	33	3
Ftrad_Otu_00164	15	14	0	0	24	5	4	23	4	0	23	33	32	13	20	81	5	153	112	22	1	0	0	0	0	0	0	0	0	0	0	9	0	0	0	0	0	0	0	0	0	11	16	0	0
Ftrad_Otu_00165	82	11	1	0	22	5	2	13	8	5	26	12	41	7	12	43	4	33	32	0	0	5	3	20	1	6	0	12	0	2	0	0	0	1	4	0	11	26	0	10	0	16	0	0	11
Ftrad_Otu_00166	8	52	0	0	7	2	0	4	0	0	1	0	41	7	6	0	0	4	0	5	1	35	0	0	12	72	43	52	0	13	24	98	11	0	0	0	0	19	0	0	42	16	0	0	0
Ftrad_Otu_00167	54	18	0	0	14	1	1	5	10	9	11	31	16	6	18	17	2	36	10	0	0	2	0	0	13	0	2	0	0	1	0	21	0	5	71	0	22	54	1	200	15	10	0	0	2
Ftrad_Otu_00169	406	42	0	0	0	0	0	0	0	0	0	0	0	0	0	0	0	0	0	0	0	30	0	38	18	39	21	2	0	5	1	3	5	10	3	22	13	120	28	80	99	41	39	55	6
Ftrad_Otu_00174	1	29	0	0	8	1	2	2	2	0	14	3	5	16	49	222	17	13	5	0	0	21	12	65	9	49	9	0	0	67	10	0	0	0	0	0	0	0	0	0	0	12	7	10	0
Ftrad_Otu_00175	916	0	0	0	0	0	0	0	1	0	0	0	0	0	0	0	0	0	0	0	0	0	0	0	0	0	0	0	0	0	0	0	0	21	1	0	1	25	9	62	98	0	0	9	8
Ftrad_Otu_00176	17	0	0	0	4	2	1	1	0	6	9	9	5	1	14	32	4	4	10	69	0	25	0	1	1	4	7	9	3	1	0	7	2	0	0	0	0	6	1	0	0	3	0	1	0
Ftrad_Otu_00177	61	84	0	0	1	3	4	0	4	3	7	31	19	9	3	0	2	7	9	0	0	0	0	0	0	0	0	0	0	0	6	0	0	0	1	0	0	20	8	8	0	162	20	23	4
Ftrad_Otu_00179	0	0	0	0	71	117	5	71	12	5	97	63	83	18	115	224	35	145	23	0	0	0	0	0	0	0	0	0	0	0	0	0	0	0	0	0	0	0	0	0	0	0	0	0	0
Ftrad_Otu_00180	235	0	0	0	7	3	1	0	0	1	0	0	0	0	34	31	0	0	0	0	0	0	0	0	0	0	0	0	0	0	0	0	0	0	0	0	0	0	0	0	0	0	48	0	11
Ftrad_Otu_00183	116	13	0	0	0	0	1	0	0	0	0	0	5	0	0	0	0	3	0	0	0	0	0	0	0	0	0	0	0	2	0	1	0	7	2	16	0	17	37	513	22	9	32	17	10
Ftrad_Otu_00185	88	74	0	0	6	1	7	4	3	0	8	7	1	4	8	44	0	6	0	0	0	3	4	10	0	2	0	0	0	5	7	2	0	7	0	0	6	10	4	0	38	11	87	13	6
Ftrad_Otu_00189	84	43	0	0	1	0	1	1	33	4	37	28	11	27	23	22	1	30	9	5	1	25	4	12	32	22	15	5	6	13	3	8	15	3	5	6	6	4	1	9	5	7	0	7	2
Ftrad_Otu_00190	0	0	0	0	3	0	0	1	1	0	0	0	5	0	3	1	1	0	6	2	0	8	14	42	2	0	31	15	10	1	2	14	6	0	0	0	0	0	0	0	0	5	0	0	0
Ftrad_Otu_00192	0	0	0	0	4	15	0	5	6	1	2	5	46	3	46	12	18	290	35	0	0	13	0	0	0	0	0	0	0	0	0	0	0	0	0	0	0	0	0	6	0	0	0	0	0
Ftrad_Otu_00197	45	14	0	0	1	3	0	1	6	4	8	11	8	13	11	19	3	11	6	2	0	3	1	0	0	5	0	2	7	0	1	0	7	1	1	61	3	61	17	48	10	7	0	11	2
Ftrad_Otu_00198	9	4	0	0	5	2	0	3	3	1	7	0	13	0	4	0	6	6	1	0	0	2	2	25	0	15	6	0	2	0	0	4	3	4	34	0	15	20	15	6	1	6	8	0	0
Ftrad_Otu_00200	133	13	0	0	0	0	0	0	0	0	0	0	0	2	7	0	0	0	3	6	0	0	0	0	0	0	0	0	0	587	0	4	0	0	1	0	0	0	0	0	12	0	16	0	10
Ftrad_Otu_00202	0	204	0	0	3	1	4	1	5	0	1	11	3	12	0	15	20	5	1	0	0	37	0	0	0	0	0	0	0	0	0	0	0	0	0	0	0	27	0	11	0	0	0	0	0
Ftrad_Otu_00203	127	7	0	0	0	1	0	0	3	0	7	0	0	1	30	175	0	3	0	2	0	0	12	0	0	0	0	122	0	3	1	0	0	0	0	0	6	0	10	0	19	0	0	39	3
Ftrad_Otu_00204	83	19	0	0	9	41	0	6	14	32	12	0	121	130	8	3	4	5	5	0	0	0	0	0	0	0	11	0	0	0	0	0	0	0	0	0	0	0	0	0	152	27	0	0	0
Ftrad_Otu_00205	6	25	0	0	3	3	1	1	4	2	6	4	6	0	14	13	0	13	6	0	0	10	0	1	0	5	0	12	0	4	0	0	0	3	0	0	5	6	6	4	20	15	13	9	10
Ftrad_Otu_00207	344	0	0	0	0	0	0	0	1	0	11	70	0	0	23	81	0	0	0	0	0	0	0	0	0	0	0	0	0	0	0	0	0	0	0	39	0	0	0	0	0	0	0	0	12
Ftrad_Otu_00210	128	81	0	0	0	0	0	0	1	0	2	0	0	1	6	9	2	0	1	0	0	1	0	0	17	11	0	0	0	11	0	3	2	4	1	1	5	42	0	19	63	39	16	19	12
Ftrad_Otu_00211	0	3	0	0	0	0	0	0	0	0	0	0	19	1	0	4	0	0	0	0	0	1	2	0	0	24	1	0	0	0	3	0	0	0	0	0	1	0	32	6	15	5	0	17	4
Ftrad_Otu_00212	25	0	0	0	0	1	1	0	5	6	1	1	3	7	8	24	1	6	1	4	1	1	4	0	15	0	0	2	0	11	1	0	0	3	0	18	7	7	9	128	24	2	17	24	1
Ftrad_Otu_00213	16	38	0	0	1	0	1	1	12	4	10	53	13	12	26	77	7	13	14	0	0	6	0	0	0	0	0	0	0	1	0	4	0	1	0	0	0	0	10	0	0	0	0	0	6
Ftrad_Otu_00215	88	15	0	0	0	0	0	0	0	0	1	0	0	0	1	1	1	0	0	0	1	30	3	31	8	27	2	8	4	19	6	23	17	1	1	0	4	11	6	0	14	14	9	28	2
Ftrad_Otu_00218	120	59	0	0	1	1	4	0	9	2	14	18	4	14	19	33	3	9	9	1	0	4	0	0	16	7	0	0	1	14	0	6	0	7	0	0	22	7	4	22	10	16	0	16	13
Ftrad_Otu_00220	26	1	0	0	3	2	0	0	14	0	4	1	1	0	4	0	21	35	3	0	0	0	0	0	0	0	0	9	0	4	4	18	8	0	41	0	5	12	15	20	57	4	24	7	7
Ftrad_Otu_00221	186	45	0	0	4	2	0	2	11	3	11	11	10	21	22	21	2	8	7	4	0	9	1	0	0	2	0	0	0	10	0	0	3	1	1	0	1	8	0	0	0	6	4	0	2
Ftrad_Otu_00222	17	22	2	1	0	0	0	0	3	0	0	0	3	7	6	0	0	0	0	0	0	22	0	0	0	0	0	0	0	0	0	0	0	11	0	105	0	0	0	0	0	0	0	27	37
Ftrad_Otu_00224	13	2	0	0	0	5	0	1	1	0	0	0	8	0	0	2	0	6	1	0	2	4	0	0	11	0	0	8	0	8	1	5	0	4	0	0	4	0	70	8	0	14	0	47	0
Ftrad_Otu_00228	0	36	0	0	0	0	0	0	0	0	2	0	2	14	1	2	0	3	0	25	3	4	0	0	0	20	0	0	14	0	3	6	0	3	2	0	1	0	0	0	65	41	24	3	5
Ftrad_Otu_00231	243	12	0	0	2	1	0	0	1	0	6	7	6	20	5	11	0	5	0	4	0	4	0	14	18	10	16	2	0	38	5	10	10	3	2	0	13	25	0	19	12	4	0	10	37
Ftrad_Otu_00232	1	0	0	0	7	0	8	9	34	10	18	6	43	25	32	44	19	62	26	0	0	0	0	0	0	0	0	1	0	3	0	0	1	0	0	0	0	0	0	0	0	0	0	0	0
Ftrad_Otu_00233	0	0	0	0	0	0	0	0	0	0	0	0	0	0	0	0	0	0	0	2	2	14	5	82	106	4	39	0	32	13	2	7	6	0	0	0	0	0	0	2	0	0	0	0	0
Ftrad_Otu_00241	50	18	0	0	3	1	0	1	3	1	4	2	5	0	0	14	4	16	9	11	0	15	0	0	0	5	0	0	0	0	1	10	18	0	0	0	0	14	0	6	76	6	0	21	10
Ftrad_Otu_00251	0	180	0	0	2	0	0	0	0	0	0	0	1	0	0	0	0	4	0	0	0	0	0	0	0	0	96	0	0	0	0	0	0	0	0	0	18	44	0	0	41	0	0	28	6
Ftrad_Otu_00252	0	0	0	0	10	7	3	3	2	5	24	0	25	0	10	140	18	28	16	0	0	0	0	0	0	0	0	0	0	0	0	0	0	0	0	0	5	0	0	0	13	0	0	0	0
Ftrad_Otu_00253	174	23	0	0	0	0	0	0	0	0	0	0	0	0	0	0	0	1	0	1	0	0	0	0	0	1	0	0	0	0	0	0	0	8	8	37	8	6	38	99	69	20	0	6	8
Ftrad_Otu_00254	15	15	0	0	10	2	4	2	21	8	20	106	22	16	32	69	4	25	20	2	0	9	10	0	0	0	5	5	0	0	3	1	0	0	0	3	0	13	19	14	3	0	19	24	2
Ftrad_Otu_00256	0	0	0	0	0	0	0	0	0	0	0	0	0	0	0	0	0	0	0	0	0	0	0	36	61	227	0	45	0	7	13	2	0	0	0	0	0	0	0	0	0	0	0	0	0
Ftrad_Otu_00258	31	34	0	0	0	0	0	0	1	1	1	2	2	0	0	0	0	1	0	0	0	4	0	0	39	39	5	2	0	0	0	6	8	2	0	11	0	25	8	0	9	9	0	0	12
Ftrad_Otu_00262	35	13	0	1	1	1	0	0	0	1	3	5	12	2	10	0	5	9	7	0	0	0	0	0	0	7	0	0	9	0	0	0	0	1	0	0	14	44	16	0	0	9	22	5	2
Ftrad_Otu_00265	10	16	0	0	0	0	0	0	0	2	0	7	0	1	0	1	1	0	0	4	1	14	4	2	7	0	0	24	0	2	1	3	124	0	0	0	0	0	0	0	26	7	7	0	0
Ftrad_Otu_00268	242	0	0	0	0	0	0	1	0	0	0	0	0	5	4	14	0	0	0	0	0	0	0	0	46	0	0	0	14	0	0	0	0	2	2	0	0	93	0	0	0	0	0	0	0
Ftrad_Otu_00276	108	30	0	0	2	1	0	0	2	3	8	23	2	6	13	48	5	5	6	0	0	7	0	20	44	0	23	0	0	3	1	0	0	1	0	9	0	14	7	0	23	6	7	22	2
Ftrad_Otu_00278	0	12	0	0	3	2	3	1	3	1	17	34	13	12	26	70	4	11	18	0	0	0	0	0	0	0	0	0	0	0	0	2	0	0	0	0	0	0	0	0	0	0	0	3	0
Ftrad_Otu_00280	75	5	0	0	8	0	1	1	7	0	3	1	2	4	5	32	0	21	2	0	0	23	5	37	0	0	0	0	0	0	0	0	0	6	0	0	0	0	0	0	5	0	0	10	9
Ftrad_Otu_00281	51	20	0	0	0	0	0	0	6	0	0	1	0	0	0	0	0	0	0	8	2	3	0	35	0	5	26	5	50	6	8	6	41	1	1	0	0	0	3	0	15	0	0	0	0
Ftrad_Otu_00288	36	0	0	0	0	0	0	1	1	0	0	0	0	0	0	2	3	0	0	0	0	0	0	0	0	0	0	0	0	14	0	0	0	0	0	0	0	5	13	13	19	0	0	0	0
Ftrad_Otu_00290	3	18	0	0	0	0	0	0	0	0	0	0	0	0	1	0	0	0	0	18	3	4	10	22	51	95	27	47	20	55	8	35	34	3	0	0	0	0	0	0	12	2	6	2	0
Ftrad_Otu_00292	189	0	0	0	0	0	0	0	0	0	0	0	0	0	0	0	4	0	1	0	0	27	9	0	0	0	0	0	0	0	0	0	0	3	0	0	0	0	0	0	36	14	0	18	0
Ftrad_Otu_00296	0	1	0	0	0	21	0	6	22	6	3	24	29	0	17	1	39	74	31	0	0	0	0	0	0	0	0	0	0	0	0	0	0	0	0	0	0	0	0	0	0	0	0	0	0
Ftrad_Otu_00298	83	1	0	0	0	0	0	0	1	0	0	3	0	0	2	0	0	0	0	6	0	0	0	8	12	21	8	0	8	7	0	3	0	0	0	0	0	7	26	33	10	0	9	55	7
Ftrad_Otu_00304	115	50	0	0	0	0	1	0	1	0	1	11	2	0	3	10	0	5	6	0	0	0	0	0	0	0	0	0	0	0	0	0	0	1	10	49	0	0	0	0	16	6	0	31	2
Ftrad_Otu_00307	86	0	0	0	0	0	0	0	0	0	7	0	0	4	0	0	0	4	0	20	1	0	0	0	0	0	0	0	0	11	7	0	0	0	3	0	0	73	12	0	54	40	0	0	0
Ftrad_Otu_00309	74	10	0	0	1	1	0	0	3	3	3	8	1	1	0	7	0	0	0	0	0	15	0	0	0	8	0	2	0	0	0	0	0	5	0	0	24	70	5	14	0	2	0	1	0
Ftrad_Otu_00310	33	27	0	0	2	0	0	1	4	1	14	37	5	14	24	42	2	3	19	3	0	0	0	1	24	0	0	4	7	6	4	0	0	0	0	0	0	0	15	0	0	0	0	0	0
Ftrad_Otu_00317	42	4	0	0	0	0	1	2	1	1	0	4	3	2	10	26	0	1	6	0	0	0	0	0	0	26	0	0	0	1	0	0	0	1	0	0	0	13	0	0	35	0	0	0	0
Ftrad_Otu_00319	0	19	0	0	0	0	0	1	0	0	0	13	0	0	0	0	0	0	0	6	1	12	0	0	0	0	0	0	7	1	92	0	0	6	0	0	5	13	0	0	0	0	15	3	0
Ftrad_Otu_00320	24	15	0	0	0	3	1	0	1	0	0	0	1	0	0	0	3	1	2	0	0	0	0	0	0	0	0	0	0	0	0	0	0	0	0	0	0	10	0	9	50	92	0	28	2
Ftrad_Otu_00330	3	1	0	0	16	5	0	3	0	0	1	43	6	7	1	23	0	41	1	0	0	0	0	0	0	0	0	0	0	0	0	0	0	0	0	0	0	0	0	0	0	14	3	0	0
Ftrad_Otu_00331	27	0	0	0	0	0	1	0	0	0	0	0	3	0	0	2	0	0	1	1	0	6	0	23	9	8	0	19	7	2	0	15	0	2	0	15	0	0	1	26	2	0	0	8	3
Ftrad_Otu_00335	16	11	0	0	0	0	3	0	2	2	7	22	11	17	13	4	6	6	11	0	0	0	0	0	0	0	0	0	0	0	0	0	0	1	0	0	6	18	0	0	0	0	0	32	0
Ftrad_Otu_00336	0	28	0	0	0	0	0	0	0	0	0	0	0	0	0	0	0	0	0	0	0	0	2	0	0	0	0	0	98	0	0	33	102	0	0	0	0	45	0	0	0	0	0	23	0
Ftrad_Otu_00352	79	0	0	0	0	0	0	0	0	0	0	0	0	0	0	0	0	0	0	0	0	0	0	0	0	0	0	0	0	0	0	0	0	5	0	13	0	15	0	0	36	0	5	36	4
Ftrad_Otu_00354	38	0	0	0	0	1	0	0	1	0	1	0	0	3	0	2	0	1	0	0	0	4	0	2	12	0	0	0	0	0	0	0	0	0	0	0	3	40	11	11	0	0	0	34	2
Ftrad_Otu_00360	0	1	0	0	0	1	4	0	0	0	3	0	22	0	7	2	1	12	2	0	0	5	0	0	0	0	12	0	0	0	0	0	0	0	0	0	16	5	2	8	0	0	0	13	0
Ftrad_Otu_00363	54	0	0	0	0	2	0	0	2	0	1	0	1	6	6	8	0	3	3	6	0	1	0	15	0	0	0	0	16	0	2	13	0	0	0	0	0	0	0	10	0	7	0	13	4
Ftrad_Otu_00370	22	33	0	0	1	2	0	0	4	3	5	39	6	6	16	9	3	14	3	0	0	8	0	0	10	8	0	0	0	12	1	0	0	1	0	0	0	13	6	0	0	0	0	14	1
Ftrad_Otu_00371	0	34	0	0	2	0	0	0	6	3	10	31	8	2	11	37	5	19	8	0	8	2	0	0	0	0	0	0	17	0	1	0	0	0	0	0	0	0	0	0	19	0	9	0	0
Ftrad_Otu_00372	33	0	0	0	1	4	1	0	8	2	0	9	17	3	6	3	0	1	10	0	0	0	0	0	0	0	0	0	0	0	0	0	0	3	0	0	12	0	0	24	0	3	0	11	11
Ftrad_Otu_00381	0	4	0	0	0	0	2	0	0	0	0	0	0	2	1	2	0	1	0	1	0	23	0	12	17	11	1	9	2	37	15	12	22	0	0	0	0	0	0	0	0	0	0	0	0
Ftrad_Otu_00383	68	37	0	0	1	1	0	0	1	0	3	7	0	2	2	11	0	0	0	0	0	0	0	0	5	0	0	15	0	0	0	0	0	0	0	0	0	0	0	0	0	18	22	10	0
Ftrad_Otu_00387	16	0	1	0	8	3	0	2	3	0	5	4	1	3	39	35	2	6	8	0	0	0	0	0	0	0	0	0	13	1	0	0	0	1	0	0	0	7	0	0	12	0	0	0	0
Ftrad_Otu_00390	55	20	0	0	0	0	1	0	1	0	11	3	0	15	3	16	1	7	9	0	0	0	0	0	0	0	0	0	0	0	0	0	0	0	0	0	0	53	0	0	5	22	0	0	1
Ftrad_Otu_00393	60	0	0	0	0	0	0	0	0	0	0	0	0	0	0	0	0	0	0	0	0	0	0	0	0	0	0	0	0	4	0	0	0	0	12	0	0	25	0	81	0	2	0	37	0
Ftrad_Otu_00394	11	9	0	0	3	0	1	1	4	3	4	14	11	22	24	34	8	8	10	0	0	0	0	0	0	0	0	0	0	0	1	0	0	7	0	0	0	2	5	0	0	0	11	0	0
Ftrad_Otu_00407	53	2	0	0	0	0	0	0	0	0	0	0	0	0	0	0	0	0	1	0	0	0	0	0	0	0	0	0	0	0	0	0	0	4	0	24	2	35	1	0	89	0	12	7	3
Ftrad_Otu_00428	61	9	0	0	3	0	0	0	1	0	12	3	0	6	1	23	0	5	2	0	0	0	0	0	0	0	0	0	0	7	0	0	0	0	0	17	0	0	0	20	0	0	0	0	1
Ftrad_Otu_00456	13	14	0	0	0	0	0	0	2	0	0	7	2	0	7	11	0	2	0	3	0	0	0	0	0	0	0	0	0	0	1	0	0	3	12	0	0	2	0	0	28	0	4	0	0
Ftrad_Otu_00457	5	0	0	0	1	0	0	0	3	0	3	35	1	3	19	13	0	3	3	0	0	0	0	0	24	15	0	5	0	1	0	0	0	0	0	0	0	0	0	0	18	0	0	0	0
Ftrad_Otu_00471	0	0	0	0	0	0	1	2	0	3	0	14	0	3	6	18	1	1	3	0	15	0	0	24	3	0	0	0	7	0	0	9	0	0	0	0	0	0	0	0	0	11	0	0	0
Ftrad_Otu_00480	0	0	0	0	1	0	0	0	4	0	0	19	0	3	7	15	2	1	4	0	0	0	0	0	0	0	0	0	0	3	0	0	0	0	0	0	0	12	0	13	0	14	0	0	0
Ftrad_Otu_00506	75	0	0	0	12	2	0	0	1	0	0	30	17	0	2	0	0	0	0	0	0	0	0	0	0	0	0	0	0	0	0	0	0	0	0	0	0	0	0	0	0	6	0	15	0
Ftrad_Otu_00512	11	13	0	0	1	1	4	1	5	0	12	8	7	12	22	38	0	11	11	0	0	0	0	0	0	0	0	0	0	0	0	0	0	0	0	0	0	0	0	0	0	0	0	0	0
Ftrad_Otu_00524	26	16	0	0	0	1	0	0	0	0	2	0	0	0	10	0	3	0	0	0	0	0	0	0	0	0	0	0	0	0	0	4	0	0	0	0	0	19	0	0	17	0	0	0	30
Otrad_Otu_00001	44015	16	1139	76	369	1140	2527	870	29593	2250	54011	1382	4206	2414	5111	232	8334	48980	24089	569	644	224	466	925	1471	694	1003	1453	2045	776	1015	1772	1415	17242	7184	41954	52045	13902	3519	20195	58538	8654	30612	25824	18512
Otrad_Otu_00002	5	2	139	282	396	564	1366	1523	177	582	997	510	271	54	277	187	661	313	102	273	360	214	269	808	529	692	737	667	695	644	665	1056	747	102	184	2	82	190	454	531	36	427	376	345	772
Otrad_Otu_00003	5	0	0	7	10	2228	241	974	27	370	69	585	232	96	2387	291	186	8	17	0	14	14	1	115	26	34	0	55	52	95	257	77	345	552	4478	4	589	6961	8249	3011	52	139	6953	3880	5105
Otrad_Otu_00004	0	0	0	0	18	0	0	0	0	6	1	246	19	0	31	0	34	5	3178	0	0	447	246	0	0	33	0	0	30	0	57	1	162	1	130	0	5	261	38	35	0	0	0	0	0
Otrad_Otu_00005	0	0	0	2	0	0	0	0	0	0	0	0	0	0	327	0	483	6	0	0	0	0	0	0	0	0	0	0	0	0	0	0	0	251	19852	2	0	273	74	370	2	458	400	1820	0
Otrad_Otu_00008	0	0	0	9	57	12	2671	0	7	0	0	0	0	22	389	295	0	0	0	0	0	0	0	0	0	0	1	0	0	0	283	0	834	76	0	0	0	397	0	0	1	896	784	0	525
Otrad_Otu_00010	0	0	0	0	45	828	430	16	7	13	567	1722	52	637	5190	1955	0	11	456	22	0	12	0	320	0	1	0	0	0	0	0	0	158	0	74	0	0	0	1344	0	1	945	1002	62	0
Otrad_Otu_00011	0	0	0	0	3	1	0	1	32	1	170	0	3	0	13	26	41	0	1	0	0	1	0	0	120	38	0	0	0	100	199	0	0	32	2677	0	190	52	1398	56	2	0	173	565	32
Otrad_Otu_00019	0	0	0	0	0	28	1228	79	0	4	317	0	0	0	0	0	0	13	0	0	0	0	0	0	0	0	0	0	0	479	0	0	0	0	0	0	0	1	0	0	0	359	0	0	0
Otrad_Otu_00024	181	0	3	0	0	3	10	0	130	15	333	0	20	14	36	0	51	252	83	0	0	14	16	0	0	0	29	0	0	0	0	0	0	50	0	209	298	0	0	0	323	0	0	390	20
Otrad_Otu_00030	3	0	0	1	7	0	0	7	0	0	0	0	0	0	3	0	0	2	0	0	0	0	0	0	0	0	19	0	0	0	72	0	0	308	0	0	146	2171	390	63	8	56	157	213	875
Otrad_Otu_00033	0	0	0	3	9	1	0	0	0	0	1	0	0	0	0	264	0	0	0	0	0	0	0	0	0	0	112	0	0	0	0	0	537	64	1	3	119	776	26	0	0	1511	382	0	1124
Otrad_Otu_00043	0	0	0	0	0	0	0	0	0	0	0	0	0	0	0	0	0	0	0	0	0	0	0	0	0	0	0	0	0	0	0	0	0	36	0	0	2	237	244	67	5	235	541	340	1570
Otrad_Otu_00055	0	0	0	0	0	35	2	16	0	0	1	12	2	1	134	17	10	0	2	0	0	0	0	0	0	1	0	4	3	0	0	0	0	6	85	0	24	38	231	79	3	7	39	71	87
Otrad_Otu_00068	0	0	0	0	0	30	9	0	1	0	0	0	23	0	18	30	0	0	43	0	0	0	0	0	0	0	0	0	0	0	0	0	0	48	0	0	44	1037	0	202	0	0	0	0	0