ID	S1	S2	S3	S4	S5	S7	S8	S9	S10	S113	S122	S123	S124	S125	S126	S127	S128	S129	S114	S115	S116	S117	S118	S119	S120	S121	S163	S172	S173	S175	S176	S177	S178	S164	S165	S166	S167	S168	S169	S170	S171
BacV5_Otu_000002	1963	21	217	277	192	1269	369	154	461	960	1316	1306	189	2234	186	160	133	1723	1239	1727	1639	1046	2263	1664	1807	2018	1092	722	1916	13	98	35	694	1224	1984	2555	1620	4139	340	109	1125
BacV5_Otu_000003	3614	1563	1951	502	1244	695	3995	788	1570	556	571	1524	828	328	5821	283	432	1766	270	306	759	2030	1168	875	3493	1382	1202	1824	1217	873	709	100	604	1661	2900	2879	1354	2218	3040	1367	1803
BacV5_Otu_000004	35	33	328	54	301	42	20	48	155	1271	92	784	574	173	227	88	235	166	110	58	637	249	438	742	214	102	637	5458	830	960	545	680	546	1324	971	4545	3474	2395	2639	2462	1051
BacV5_Otu_000005	585	38	1042	69	55	135	1503	36	83	710	551	286	48	1479	124	47	227	95	363	165	946	654	579	509	589	1769	3679	4379	3810	120	361	351	79	2316	1814	3825	5267	408	930	170	213
BacV5_Otu_000006	1	5	4	0	0	1	0	1	1	0	1	2	2	0	0	0	2	1	0	0	1	0	2	2	0	0	14	62	7	30	20	19	18	18	120	12	17	21	48	20	22
BacV5_Otu_000007	140	12	844	178	376	414	580	190	36	237	552	411	62	549	76	143	203	372	218	514	761	812	572	423	788	1058	11	293	281	15	158	3	39	532	47	234	547	176	14	851	1368
BacV5_Otu_000008	26	1	3	272	29	1	1	6	8	15	21	24	11	12	3	2042	37	9	7	20	204	48	64	30	12	9	85	140	45	127	85	70	47	82	312	146	89	47	128	41	64
BacV5_Otu_000009	66	0	0	2	1	29	1	0	16	19	1223	16	2	57	68	8	34	10	7	1	278	659	1051	55	5467	3598	0	0	1	1	1	2	0	0	0	0	0	0	0	3	3
BacV5_Otu_000010	350	13	451	191	677	484	2371	345	281	1004	1675	312	411	1020	48	112	72	272	397	844	215	1034	397	384	1284	1032	189	158	140	19	52	24	28	136	38	207	205	58	53	67	225
BacV5_Otu_000011	45	67	60	30	55	7	1	7	16	202	3103	188	120	105	49	655	79	40	24	70	222	552	2037	278	262	238	47	149	48	30	63	43	97	33	74	123	110	105	46	213	39
BacV5_Otu_000012	37	55	69	6	8	9	1	9	18	5	8	40	26	14	19	3	45	13	13	3	49	15	19	19	48	4	95	233	51	194	81	73	73	118	276	100	130	166	139	110	74
BacV5_Otu_000013	32	3	166	16	57	20	28	4	24	174	152	412	40	225	137	44	154	166	66	16	680	480	432	759	46	133	311	1628	150	100	146	187	68	325	263	596	620	402	368	166	305
BacV5_Otu_000014	54	0	287	60	188	174	133	78	31	271	294	1139	63	127	152	53	42	181	100	65	368	261	154	651	373	373	86	121	76	7	44	28	119	155	17	368	646	571	88	685	127
BacV5_Otu_000015	28	2	41	60	186	34	162	1	1	130	163	77	19	308	0	2	11	18	137	89	194	330	163	176	13	99	67	1121	150	4	39	123	4	1724	157	1430	2643	312	694	449	1091
BacV5_Otu_000016	66	3	381	5	217	94	82	81	53	112	65	119	1	7	32	178	105	413	18	36	87	65	432	209	664	99	279	17	334	65	41	1439	57	37	154	94	1886	7	29	285	4
BacV5_Otu_000017	1	0	8	2	28	5	8	4	6	671	78	339	0	171	548	46	467	425	86	76	1049	92	497	335	517	28	0	151	12	14	51	30	0	566	35	69	157	88	18	215	33
BacV5_Otu_000022	7	0	2	4	7	0	4	0	3	136	28	177	10	370	216	57	146	183	19	15	158	388	246	106	288	196	11	169	1	2	70	26	2	214	8	140	90	90	7	27	26
BacV5_Otu_000025	21	0	38	23	41	6	1	6	10	208	43	12	8	8	6	4	8	2	31	61	19	27	24	10	1	19	4	12	482	1	148	4	18	227	21	9	26	779	190	9	143
BacV5_Otu_000027	1	0	25	2	12	3	2	2	2	101	4	33	34	4	5	4	17	8	2	2	34	9	16	13	8	2	65	248	47	76	33	98	48	83	125	204	247	234	142	198	87
BacV5_Otu_000028	73	236	115	365	1025	82	43	138	92	2	29	0	8	37	29	5	17	124	0	1	3	1	99	122	2	21	0	0	107	12	1	0	22	316	204	1	31	1	51	31	1169
BacV5_Otu_000030	5	8	50	4	6	5	2	6	5	58	0	63	202	11	12	27	30	7	2	6	44	20	47	19	8	4	4	133	28	34	12	33	25	52	36	59	149	37	76	64	20
BacV5_Otu_000031	17	5	15	0	7	3	4	0	1	76	21	31	2	105	273	10	14	167	373	40	98	787	29	181	110	6	13	99	166	1	20	7	13	129	38	228	60	219	19	13	350
BacV5_Otu_000033	6	1	19	8	6	3	2	2	2	17	8	17	11	33	10	6	33	6	9	4	34	33	18	22	7	31	27	65	33	73	42	36	13	27	104	100	97	81	68	116	72
BacV5_Otu_000034	13	91	70	1	33	5	0	9	12	29	8	65	30	43	36	5	60	20	10	8	82	12	32	45	25	9	31	153	25	48	20	34	40	150	40	161	192	60	45	126	24
BacV5_Otu_000036	45	21	23	11	17	18	3	1	71	7	15	3	2	15	2	3	2	7	266	12	4	49	77	145	66	5	380	48	57	0	3	3	6	166	76	89	190	97	24	13	145
BacV5_Otu_000037	103	1	128	19	14	10	5	3	18	47	1	46	0	0	1	3	2	3	0	42	1	57	12	9	31	15	0	353	3	0	0	10	59	48	42	160	3	397	67	232	9
BacV5_Otu_000039	15	1	28	3	12	12	602	3	9	19	79	175	4	7	13	10	8	24	36	23	21	46	26	42	84	13	179	484	11	0	238	31	104	271	27	206	183	37	39	257	0
BacV5_Otu_000040	2	12	15	1	7	0	0	2	1	7	0	12	17	5	7	1	7	7	4	2	28	11	3	4	7	3	94	277	48	56	41	66	38	84	57	206	123	79	43	189	70
BacV5_Otu_000041	6	3	31	4	9	1	2	4	3	10	7	14	11	9	3	7	17	3	6	1	34	14	13	13	5	13	74	240	51	57	42	56	53	104	59	188	206	124	105	96	76
BacV5_Otu_000042	45	0	31	4	28	19	6	0	4	1	9	1	1	0	0	0	1	0	0	0	0	1	0	17	0	20	0	47	0	0	0	0	0	0	1	0	103	0	0	1	0
BacV5_Otu_000043	2	4	29	7	36	4	0	3	6	9	4	76	34	5	15	9	15	11	5	5	31	5	9	14	10	7	68	587	77	102	44	117	60	138	56	459	234	194	342	203	96
BacV5_Otu_000045	112	0	4	4	1	0	0	0	1	76	2	41	13	58	24	140	32	3	1	3	142	57	150	9	1	8	13	75	21	43	18	26	8	22	84	34	37	18	49	27	29
BacV5_Otu_000046	4	0	0	0	0	3	0	0	0	19	0	2	1	1	0	1	4	0	0	0	7	14	10	0	1	0	5	17	2	11	2	1	2	0	21	2	3	1	0	6	8
BacV5_Otu_000048	44	121	158	4	5	0	6	32	21	9	12	13	43	15	9	5	8	8	8	11	15	9	7	14	20	1	4	31	29	11	20	15	19	54	15	115	36	17	79	30	8
BacV5_Otu_000050	19	0	176	6	120	2	137	0	2	4	236	38	8	83	1	4	7	3	5	10	29	216	39	30	1	32	42	253	7	0	1	1	3	731	18	586	32	45	660	724	113
BacV5_Otu_000052	1	6	20	2	1	1	1	0	8	5	2	17	5	4	6	2	8	14	3	5	11	4	7	3	8	1	4	6	20	21	14	12	12	42	17	25	29	31	30	17	26
BacV5_Otu_000053	166	0	1	2	4	2	0	1	1	28	16	57	2	61	35	3	8	33	22	50	14	21	64	233	69	23	5	531	32	0	2	5	29	37	12	223	66	20	2	4	0
BacV5_Otu_000055	13	18	29	0	2	12	22	0	1	11	5	30	2	26	4	19	10	1	20	7	17	2	19	99	15	2	7	6	6	5	2	3	1	6	29	56	16	18	4	53	4
BacV5_Otu_000056	2	3	22	0	4	8	1	3	4	28	0	76	29	64	10	7	10	10	7	4	76	13	39	22	6	3	8	36	4	8	5	10	5	9	6	36	29	12	12	16	11
BacV5_Otu_000057	9	10	40	3	6	3	8	1	5	21	17	30	6	42	9	2	28	16	15	2	52	25	31	36	8	16	36	55	32	24	23	44	22	82	21	82	158	47	16	128	44
BacV5_Otu_000058	0	0	2	0	2	1	0	8	2	24	2	8	5	3	4	2	33	5	2	0	141	5	1011	45	12	3	3	17	48	11	4	7	8	4	35	20	10	14	18	25	10
BacV5_Otu_000059	12	11	38	3	5	2	3	7	2	6	3	18	11	10	5	2	16	7	4	2	24	9	6	25	2	3	45	50	15	22	26	24	30	23	25	37	41	21	30	14	15
BacV5_Otu_000060	53	0	15	4	137	27	0	0	0	106	2	373	0	705	1	1	2	0	182	0	0	110	3	7	28	0	7	14	0	0	0	1	0	2	350	15	12	0	6	3	0
BacV5_Otu_000062	1	2	7	0	3	2	3	0	1	22	21	20	9	17	11	2	17	5	7	0	39	34	27	21	4	27	10	225	25	88	17	25	7	67	19	186	218	67	134	36	22
BacV5_Otu_000063	3	5	26	5	6	2	1	2	1	14	7	42	10	14	11	3	16	13	4	4	35	28	21	24	4	10	37	249	55	35	30	31	18	105	35	158	167	82	86	120	46
BacV5_Otu_000064	4	0	17	3	40	1	8	1	2	26	26	24	2	60	3	0	10	1	11	9	46	51	25	36	2	21	9	41	10	5	3	19	0	67	7	127	81	80	5	97	56
BacV5_Otu_000065	31	21	76	6	13	14	2	10	24	4	5	16	40	9	3	4	19	9	5	2	15	7	7	15	13	5	34	20	13	19	12	16	10	17	9	32	25	23	25	10	13
BacV5_Otu_000066	8	0	20	16	41	3	7	1	34	115	2	54	6	46	4	12	17	6	18	36	181	55	68	19	7	17	1	7	22	1	49	3	29	153	9	35	729	28	136	27	228
BacV5_Otu_000067	0	3	0	1	2	261	7	1	0	20	1	32	0	48	7	0	12	14	19	32	22	52	63	28	1	101	0	0	0	0	8	0	3	0	117	5	7	0	1	6	0
BacV5_Otu_000068	1	6	3	2	2	0	0	1	0	4	0	17	5	5	2	18	2	3	1	1	6	1	8	2	5	3	18	10	8	0	24	5	2	89	19	59	24	24	1	64	69
BacV5_Otu_000069	0	0	1	1	5	1	1	0	3	4	8	22	1	6	12	2	12	26	5	1	72	6	42	116	2	4	15	175	35	6	31	1	11	105	37	63	42	244	13	83	120
BacV5_Otu_000071	0	1	20	5	9	0	4	3	2	7	3	13	12	6	5	21	7	6	5	0	16	13	7	5	7	9	20	73	16	31	14	15	17	35	19	66	78	25	36	36	37
BacV5_Otu_000072	7	19	60	2	6	6	0	4	8	9	1	18	34	7	9	2	5	5	2	1	16	4	13	8	12	3	6	53	17	12	9	11	17	13	24	46	130	29	11	53	11
BacV5_Otu_000073	6	5	25	2	2	1	0	2	1	8	2	48	26	14	16	5	16	7	4	4	21	5	27	7	17	4	12	27	7	5	9	9	7	9	20	56	19	37	27	72	23
BacV5_Otu_000074	2	14	46	2	3	9	2	4	5	3	2	27	16	9	8	4	10	7	5	3	15	7	9	6	5	3	8	20	2	21	15	7	10	5	16	12	28	19	30	16	10
BacV5_Otu_000075	21	0	16	6	4	0	4	5	3	1	0	6	5	6	1	1	3	0	1	1	11	14	19	17	2	9	0	27	7	7	3	6	7	238	198	2	7	0	5	0	18
BacV5_Otu_000076	2	0	3	0	2	0	1	2	4	0	15	0	0	1	7	1	0	4	0	0	41	3	5	64	71	3	51	39	9	3	84	68	45	106	62	381	1	104	11	41	4
BacV5_Otu_000077	3	0	2	9	49	2	22	0	0	11	0	3	3	33	0	0	0	3	18	5	40	59	16	55	1	7	12	164	50	0	1	8	0	177	2	256	248	265	199	59	125
BacV5_Otu_000081	2	0	6	1	50	1	1	0	4	10	3	7	1	11	1	0	2	1	5	2	25	15	20	15	1	3	15	89	5	14	11	8	8	14	9	28	44	16	9	18	44
BacV5_Otu_000083	1	3	23	2	3	9	1	2	3	19	2	24	9	10	6	1	12	11	1	0	39	5	21	35	33	0	3	28	12	8	11	19	13	10	20	60	34	15	17	43	20
BacV5_Otu_000084	0	0	0	0	0	0	0	0	0	0	0	0	0	0	0	0	0	0	0	0	0	0	0	0	0	0	17	23	9	4	8	5	6	3	27	12	3	9	21	9	10
BacV5_Otu_000085	7	3	52	2	2	3	0	7	4	1	4	26	11	8	18	1	4	14	0	1	11	5	4	1	2	5	0	1	0	0	0	3	0	0	7	2	5	1	0	2	0
BacV5_Otu_000086	24	0	16	3	21	20	26	6	1	1	1	3	13	265	6	8	2	0	3	20	0	58	10	143	11	23	0	0	134	1	2	7	0	0	0	11	0	82	1	4	1
BacV5_Otu_000089	3	3	24	2	2	4	0	0	4	14	1	19	29	0	2	1	7	6	2	0	14	7	5	1	2	0	9	148	7	61	5	17	8	28	18	198	43	74	103	40	22
BacV5_Otu_000090	1	4	7	2	0	0	0	6	0	5	18	6	9	4	1	3	0	1	5	2	8	10	2	2	1	6	14	19	1	18	9	4	7	10	8	20	21	8	18	14	12
BacV5_Otu_000092	7	17	16	5	4	0	2	6	3	4	0	2	9	2	3	2	3	1	2	1	3	7	2	1	0	6	24	41	10	29	20	21	20	34	25	51	55	44	21	51	41
BacV5_Otu_000093	0	0	13	0	0	2	1	0	3	5	2	0	1	1	2	0	1	3	0	0	5	1	6	13	1	1	10	1	2	0	30	0	1	2	4	6	11	11	4	7	1
BacV5_Otu_000095	0	5	16	0	3	0	0	2	3	2	3	12	2	4	4	3	9	0	0	2	12	1	8	5	6	2	0	16	17	3	4	5	11	4	17	25	52	14	2	40	10
BacV5_Otu_000096	7	80	65	7	8	10	3	10	9	6	4	20	21	11	16	9	21	12	5	3	31	4	16	17	3	8	10	25	1	17	8	4	1	2	6	8	16	15	9	14	14
BacV5_Otu_000097	1	8	18	1	5	1	0	1	1	3	1	8	16	12	10	5	15	2	7	1	20	3	2	15	0	8	3	2	6	6	1	7	3	7	9	14	16	21	10	19	5
BacV5_Otu_000098	2	2	12	1	0	0	0	0	1	11	2	18	10	12	5	3	8	3	5	4	28	5	10	1	8	0	5	57	5	9	4	17	4	8	13	51	50	18	5	38	8
BacV5_Otu_000100	13	5	27	8	7	4	0	2	2	0	2	26	7	17	4	1	11	4	8	1	24	3	7	8	19	2	10	3	2	12	8	2	24	20	9	11	40	7	39	3	5
BacV5_Otu_000101	12	13	7	2	1	0	1	4	14	2	0	4	2	0	2	0	8	2	1	0	7	2	3	0	2	0	5	19	8	25	8	9	4	5	16	10	8	11	4	1	7
BacV5_Otu_000102	11	7	40	1	0	2	1	4	4	4	2	13	19	15	8	1	19	2	3	2	9	2	5	12	4	2	3	21	6	22	9	5	13	5	24	11	22	19	25	11	3
BacV5_Otu_000103	2	0	15	4	8	1	2	1	1	8	3	14	20	1	3	3	4	2	1	3	9	1	4	3	6	1	26	192	55	52	16	24	11	51	25	148	139	88	88	46	27
BacV5_Otu_000104	14	45	42	2	2	5	1	8	9	3	5	20	10	7	16	4	26	17	7	2	28	6	4	16	7	11	4	13	0	5	2	2	5	1	2	3	9	12	2	2	14
BacV5_Otu_000105	0	0	0	1	21	13	20	0	0	1	15	0	1	8	1	8	9	2	4	30	20	4	6	4	0	2	0	6	0	0	0	0	0	0	0	0	0	2	0	1	0
BacV5_Otu_000106	6	0	5	0	5	0	0	1	0	149	0	58	2	11	0	237	39	2	3	2	97	9	81	11	1	5	0	13	2	0	1	0	2	4	6	0	2	2	0	5	0
BacV5_Otu_000107	0	0	3	0	3	1	0	2	0	2	1	3	0	1	0	1	1	0	0	0	1	0	0	4	0	0	2	14	7	9	6	28	2	7	21	24	16	27	3	5	4
BacV5_Otu_000110	0	2	0	0	0	0	0	0	0	0	0	2	0	1	59	0	0	4	1	0	53	0	1	1	186	0	119	7	0	5	3	3	0	0	51	7	19	12	13	4	16
BacV5_Otu_000113	6	6	18	2	0	2	0	4	2	4	3	12	11	10	5	3	8	3	3	0	11	4	2	5	4	8	6	6	0	7	8	9	9	9	15	16	10	4	5	10	6
BacV5_Otu_000114	0	0	1	3	25	0	5	0	0	1	5	5	1	0	1	0	2	0	1	0	0	0	2	2	1	0	0	0	0	0	1	0	0	38	0	7	55	10	15	50	2
BacV5_Otu_000115	0	7	17	2	2	0	0	0	2	2	2	16	16	2	6	1	0	0	1	0	12	11	8	3	1	1	17	60	9	21	12	9	6	13	15	24	25	19	29	30	17
BacV5_Otu_000119	6	5	36	1	2	4	0	3	8	5	5	20	13	10	8	4	13	9	3	2	14	8	5	8	4	1	8	5	3	13	10	9	11	8	19	15	19	8	14	6	13
BacV5_Otu_000120	5	0	3	0	10	1	1	0	1	14	9	15	0	29	4	4	5	4	4	4	41	24	243	31	0	27	2	42	5	3	6	10	0	15	14	49	46	46	16	31	14
BacV5_Otu_000121	1	0	0	0	3	8	26	1	4	0	0	1	11	0	0	0	11	8	2	1	13	0	3	1	6	0	0	12	3	3	0	4	5	0	0	10	6	153	8	0	72
BacV5_Otu_000123	20	2	23	2	3	2	2	6	8	0	2	7	12	6	6	3	6	6	5	3	5	3	2	4	2	8	5	9	2	3	2	5	6	2	3	15	12	8	9	3	3
BacV5_Otu_000124	4	1	7	3	2	0	0	0	1	5	1	12	0	13	13	0	15	10	5	2	68	18	26	26	3	2	0	55	5	3	5	4	8	7	19	29	62	6	15	2	0
BacV5_Otu_000127	8	4	47	4	19	1	3	3	6	13	13	10	6	24	7	10	14	4	7	3	22	10	29	37	8	14	0	0	5	0	6	5	2	11	1	14	21	7	4	19	5
BacV5_Otu_000128	2	0	2	4	3	0	29	0	17	4	2	2	1	35	0	1	2	1	1	6	11	2	14	34	0	587	0	13	97	0	7	3	0	21	3	4	7	3	135	1	52
BacV5_Otu_000129	12	35	23	2	1	7	0	0	2	0	0	5	3	1	26	0	7	3	1	0	13	3	1	1	4	1	0	1	1	0	0	2	2	1	11	4	0	1	7	1	3
BacV5_Otu_000131	4	1	19	0	1	0	0	6	2	2	4	18	16	14	9	2	7	6	3	3	10	4	1	7	1	5	3	3	7	7	7	0	6	7	14	6	12	18	4	10	9
BacV5_Otu_000132	5	2	27	0	1	3	0	7	3	3	2	8	15	6	4	1	9	1	1	0	15	1	1	6	2	2	10	4	0	6	10	11	8	2	4	14	12	10	5	14	7
BacV5_Otu_000134	7	0	1	10	0	2	0	0	0	11	6	13	0	18	10	5	3	17	2	28	7	7	28	110	63	10	0	11	0	0	4	0	1	35	5	5	37	1	1	2	0
BacV5_Otu_000136	3	0	8	0	9	1	6	2	7	3	0	2	4	3	4	0	3	1	1	0	2	6	0	1	0	1	5	72	12	2	19	12	8	14	14	23	30	11	11	9	11
BacV5_Otu_000138	0	0	8	5	2	0	1	0	0	1	3	12	4	0	3	3	7	4	2	1	7	5	3	15	1	2	18	17	6	4	10	2	3	2	3	10	17	12	8	4	3
BacV5_Otu_000143	1	7	2	0	5	0	0	0	0	1	1	6	2	3	2	0	4	1	0	0	8	2	2	7	2	2	11	32	7	8	3	12	9	12	5	49	35	18	9	17	7
BacV5_Otu_000145	1	1	36	0	2	2	0	0	0	1	0	10	1	4	9	8	6	2	3	1	12	2	3	9	1	6	0	3	6	0	1	2	7	3	3	1	17	12	4	6	14
BacV5_Otu_000150	8	3	11	1	2	0	1	1	2	2	1	3	13	3	1	1	13	2	0	0	7	2	0	4	4	2	9	19	3	7	4	5	3	8	10	20	15	8	12	0	5
BacV5_Otu_000151	6	1	6	4	0	4	0	1	0	13	4	4	0	8	1	1	3	0	0	4	24	15	28	13	4	2	2	21	4	1	0	4	3	3	3	7	14	2	5	2	0
BacV5_Otu_000153	6	0	16	4	5	1	5	0	1	107	3	25	1	62	7	0	6	5	16	6	10	25	28	143	8	2	0	5	0	0	0	1	1	8	0	9	14	0	0	0	0
BacV5_Otu_000156	2	4	14	0	1	0	0	0	2	2	2	5	1	3	3	2	23	6	3	2	34	5	8	6	1	3	20	33	10	11	11	9	5	8	28	27	17	6	10	3	4
BacV5_Otu_000158	0	3	20	0	12	5	0	0	0	4	1	17	19	1	5	0	1	2	2	3	7	1	0	2	3	0	22	99	0	11	4	14	7	3	14	39	67	9	24	29	5
BacV5_Otu_000159	9	1	5	1	5	1	5	4	14	13	0	3	22	3	27	7	15	12	7	1	2	21	8	7	17	3	1	1	20	0	0	0	1	17	1	33	4	3	1	15	2
BacV5_Otu_000160	0	1	2	1	1	0	0	0	2	3	3	11	0	34	2	7	5	3	1	0	7	1	21	2	0	0	41	8	19	3	13	26	4	11	41	69	49	29	1	40	8
BacV5_Otu_000161	8	9	25	2	2	2	1	0	8	3	1	8	7	4	0	3	4	0	1	0	4	6	4	5	0	0	11	23	3	41	5	4	4	7	8	30	20	3	7	9	10
BacV5_Otu_000170	4	4	25	1	3	2	2	5	2	0	1	5	6	2	2	0	8	1	4	0	3	4	1	3	0	0	4	25	2	11	1	2	2	4	7	8	11	10	17	3	4
BacV5_Otu_000172	3	4	8	2	6	0	0	0	0	23	2	25	3	3	3	5	1	7	5	1	9	10	8	41	1	5	7	5	3	4	10	18	6	21	13	39	9	3	36	24	0
BacV5_Otu_000175	0	0	0	0	84	0	0	0	0	1	13	21	0	31	12	1	4	5	10	1	54	357	3	34	9	3	0	0	4	3	1	0	0	0	23	4	2	2	10	0	4
BacV5_Otu_000178	0	0	3	4	1	7	0	0	0	19	0	1	6	26	0	1	3	0	90	0	1	1	4	131	0	14	11	0	0	0	0	0	0	0	0	80	2	1	1	0	0
BacV5_Otu_000179	2	0	3	1	1	0	1	2	8	12	1	12	24	5	16	4	8	14	5	2	2	14	4	8	20	5	2	1	4	0	7	0	6	17	5	25	11	22	3	9	7
BacV5_Otu_000190	5	2	0	0	0	1	0	1	1	0	3	1	3	1	0	2	8	0	0	0	3	4	1	2	5	3	1	21	5	10	13	5	7	35	42	0	5	10	28	3	20
BacV5_Otu_000191	0	0	0	0	0	0	2	0	0	5	1	8	1	17	22	5	14	13	1	5	17	38	13	11	20	19	0	0	0	0	1	1	0	0	0	0	1	1	0	1	0
BacV5_Otu_000194	7	13	8	1	0	0	0	0	3	2	7	4	3	15	5	6	2	3	0	0	4	24	57	4	65	39	39	5	8	0	1	2	1	1	4	27	46	8	1	1	0
BacV5_Otu_000196	2	0	0	2	0	0	0	0	0	16	12	9	3	10	3	6	1	44	5	20	10	12	65	29	37	39	0	0	10	0	0	1	4	6	1	9	8	7	0	2	8
BacV5_Otu_000197	0	0	6	1	0	0	0	0	0	2	0	4	0	3	8	1	3	1	0	0	4	6	2	1	1	0	16	8	6	17	5	9	7	9	9	11	17	9	30	2	3
BacV5_Otu_000199	1	0	7	1	5	0	2	0	1	3	4	12	3	4	2	0	5	2	0	0	5	11	9	5	0	2	8	22	8	2	3	5	2	6	4	11	15	7	7	10	9
BacV5_Otu_000201	0	3	9	3	5	4	2	0	0	2	0	1	3	1	1	1	2	1	2	0	5	1	1	1	2	0	11	41	4	7	0	15	5	16	7	22	25	21	8	12	22
BacV5_Otu_000202	15	0	15	11	2	5	19	2	1	0	0	1	0	0	0	22	1	0	1	4	0	5	2	8	0	4	4	18	0	0	1	0	0	72	2	6	0	0	3	2	0
BacV5_Otu_000203	0	0	8	1	0	0	0	1	1	4	0	11	4	4	3	1	2	0	0	2	3	3	5	4	0	0	3	28	2	3	3	15	2	5	3	16	14	12	1	16	4
BacV5_Otu_000205	1	0	6	0	0	2	0	1	0	5	1	15	3	3	4	3	2	2	1	0	2	2	4	4	4	0	4	17	2	21	4	24	5	3	1	28	35	5	23	5	2
BacV5_Otu_000206	0	0	1	0	1	0	7	0	0	7	12	16	0	3	8	2	0	5	23	2	1	18	11	7	20	17	0	3	1	0	7	0	4	11	0	8	24	2	1	9	2
BacV5_Otu_000213	15	2	1	9	0	7	0	0	0	4	1	5	0	0	0	3	2	8	2	9	2	2	10	42	26	1	0	8	0	0	0	0	1	17	2	5	18	0	0	3	0
BacV5_Otu_000225	0	0	0	1	0	1	2	1	0	12	21	12	1	30	0	2	0	4	3	22	14	31	27	14	13	28	0	1	4	0	0	0	1	2	0	0	1	3	0	0	3
BacV5_Otu_000235	1	2	1	0	0	0	1	0	0	0	0	1	2	8	2	1	1	1	0	0	1	12	40	0	18	17	85	15	22	3	2	1	0	4	41	33	82	18	2	1	0
BacV5_Otu_000242	0	13	13	0	1	0	0	0	2	3	0	1	3	1	2	1	0	0	2	1	0	1	2	1	1	1	1	31	5	3	0	3	2	3	3	5	48	8	3	13	6
BacV5_Otu_000255	0	0	7	0	6	0	0	0	3	1	0	8	0	0	2	0	0	1	1	0	1	0	0	2	1	2	4	25	5	11	5	4	2	8	4	16	14	2	3	20	9
BacV5_Otu_000259	1	0	0	0	1	0	0	1	0	1	1	5	1	2	2	2	0	1	1	0	0	0	0	5	10	6	75	1	50	2	0	9	2	1	21	15	40	4	17	1	0
BacV5_Otu_000262	22	0	11	3	4	4	4	4	4	0	4	3	1	5	7	0	10	9	0	0	2	37	16	3	2	1	10	36	1	2	5	3	2	19	4	5	12	0	0	2	0
BacV5_Otu_000266	2	23	3	2	4	1	1	2	21	3	0	0	13	5	0	1	15	1	1	3	0	4	1	8	5	0	2	0	4	0	14	2	0	20	0	14	17	6	11	4	5
BacV5_Otu_000268	1	0	3	0	13	1	0	0	0	0	0	1	4	1	0	0	0	1	0	1	1	2	0	0	0	1	3	36	3	9	2	6	4	5	3	29	37	19	8	6	21
BacV5_Otu_000289	1	0	0	0	0	0	0	0	0	10	23	24	1	22	0	1	0	17	10	21	13	12	12	10	12	53	0	0	2	0	0	0	0	0	1	0	7	5	0	0	1
BacV5_Otu_000305	0	0	2	0	0	0	0	0	0	0	0	1	0	1	1	0	0	0	0	0	0	1	0	0	0	0	0	93	2	4	0	2	1	2	0	11	17	6	9	11	19
BacV5_Otu_000334	0	0	3	0	4	2	0	0	0	0	0	1	1	0	0	0	0	0	0	0	0	0	0	0	2	1	0	72	2	17	4	2	1	9	0	22	34	18	29	11	9
BacV5_Otu_000343	0	0	0	0	1	0	5	0	0	1	7	17	4	0	1	0	0	0	1	0	3	28	14	20	17	24	0	0	0	0	1	0	2	3	0	0	5	2	0	15	0
BacV5_Otu_000349	0	1	0	0	2	0	0	0	0	2	7	4	0	19	4	0	4	7	0	0	6	2	15	1	2	0	0	1	15	0	1	0	0	0	4	0	27	0	6	0	122
BacV5_Otu_000415	0	0	0	0	0	0	0	0	0	8	1	9	0	9	31	1	2	14	1	1	6	5	22	6	12	13	0	0	0	0	0	0	0	0	0	0	1	1	0	0	0
Ftrad_Otu_00001	554	254	51	169	7944	312	4277	954	340	3739	4099	8276	7856	19700	2882	3499	8869	8968	2941	988	1627	2337	8802	10152	1596	5255	7766	11346	7088	13538	15667	41205	4306	14997	23161	1665	28883	18126	27305	21097	16669
Ftrad_Otu_00002	223	311	115	36	241	134	30	195	37	60	40	3402	2263	288	1495	170	592	63	71	18	270	269	896	222	368	227	1981	3554	1032	4729	1286	898	1276	3567	3037	1581	1320	768	1004	4739	1026
Ftrad_Otu_00003	17	1978	1628	820	470	91	522	40	47	2	71	13	264	59	4	78	11	0	1	4	2	26	4	3	12	112	427	352	2662	113	20191	3470	7773	1293	1542	2270	179	1032	751	3018	3046
Ftrad_Otu_00004	137	274	140	24	644	92	27	89	33	202	55	440	453	630	473	950	1218	241	242	131	306	709	878	296	3791	181	3154	2012	2104	7537	996	8400	4818	3137	3606	3289	4234	2512	2630	1769	3104
Ftrad_Otu_00005	37	28	21	18	300	47	9	82	21	1503	42	415	347	393	201	326	565	157	349	388	7385	312	393	361	186	74	2246	2672	1461	2946	1581	1872	13551	4152	1547	2620	7497	2709	4551	2978	4737
Ftrad_Otu_00006	16	9	1	1	32	0	0	0	5	1	1	0	12	18	19	9	2	0	0	0	0	11	0	6	13	7	0	74	0	0	0	0	0	0	0	0	0	13	0	0	5
Ftrad_Otu_00007	945	24	48	690	3459	158	209	1045	614	5078	133	4715	1413	4554	764	869	2731	5256	2229	284	689	327	510	835	335	4848	783	271	111	17	11	4	8	8	62	342	87	20	7514	31	1122
Ftrad_Otu_00009	369	8	41	108	1125	211	177	439	512	316	132	881	1158	1351	1403	2733	611	105	435	151	164	5218	146	347	516	1281	160	106	57	44	10	6	1	20	7	24	41	17	185	3	1057
Ftrad_Otu_00010	209	5	4	53	2798	159	7	210	33	757	79	1012	35	530	771	1093	159	160	1532	999	794	112	240	3400	248	51	9	0	4	0	0	2	0	2	5	35	7	0	0	0	8
Ftrad_Otu_00011	33	15	8	40	174	22	158	15	82	158	298	868	403	2244	1006	3321	245	278	336	320	496	1068	1074	311	88	748	909	1083	8193	286	86	70	30	1735	704	1185	1028	2414	741	543	1383
Ftrad_Otu_00012	42	156	113	26	172	30	14	85	12	50	11	158	212	105	63	312	149	105	41	44	343	138	494	95	877	42	665	617	280	1093	211	433	288	610	655	424	1254	477	852	460	628
Ftrad_Otu_00013	303	250	156	21	417	281	287	124	86	66	20	620	261	1182	1297	244	247	147	80	13	307	645	126	126	152	123	1591	677	219	436	416	759	410	553	921	378	1426	540	201	2185	90
Ftrad_Otu_00014	155	83	52	276	1722	697	242	422	962	106	3288	178	512	800	28	58	47	56	19	9	61	77	115	192	79	15	80	95	127	4211	580	0	21	107	305	15715	39	14	164	433	77
Ftrad_Otu_00015	41	7	4	17	11095	1615	164	74	51	122	21	638	97	4070	40	271	89	42	32	22	9023	121	683	459	39	446	0	14	52	1570	2323	0	0	1	976	621	10	11	0	1	1
Ftrad_Otu_00016	6	431	2817	44	109	41	49	66	933	63	1	4	144	353	15	796	3448	5	10	18	55	4	29	7	2	6	3	0	2	3	153	0	0	0	3	21	7	0	5	13	0
Ftrad_Otu_00017	3	5	2	10	139	6	39	55	69	50	183	136	60	1771	110	237	1588	46	140	56	1020	449	180	1700	2145	230	685	1157	338	281	568	72	1355	349	1698	725	156	329	2443	510	1886
Ftrad_Otu_00018	224	22	81	25	555	31	14	35	43	21	13	187	421	103	599	130	50	33	37	23	268	101	248	76	308	28	3158	839	260	245	96	178	155	430	812	488	1955	1091	451	336	685
Ftrad_Otu_00019	114	1	17	31	147	6	101	12	441	8	36	50	2953	105	18	104	8	2	0	6	196	53	101	71	5	167	28	5	107	461	5	6	358	4	3	15	0	0	2	103	143
Ftrad_Otu_00020	118	5	12	61	2443	52	10	64	9	38	15	33	96	343	18	56	59	11	19	4	801	11	721	85	72	13	0	1	2	0	1	1	0	0	635	40	5	1	7	12	1
Ftrad_Otu_00021	317	7	32	51	426	107	3	85	107	665	25	546	97	750	39	1312	795	102	230	348	338	527	153	234	137	48	118	996	926	80	130	75	15	150	59	1030	1679	76	237	420	2283
Ftrad_Otu_00022	55	20	164	13	87	207	15	57	0	40	3	625	37	97	209	28	153	18	136	1	238	607	123	4	119	103	283	443	281	422	188	20	44	137	989	476	810	27	85	24	462
Ftrad_Otu_00023	15	15	8	5	173	28	15	20	25	11	5	238	71	97	343	32	80	7	9	18	125	172	12	5	29	40	104	27	44	20	11	847	2132	1115	41	92	49	63	340	753	300
Ftrad_Otu_00024	63	58	11	9	132	5	65	34	3	0	5	57	68	855	1	47	17	0	2	1	43	11	4	61	8	3	259	0	336	36	38	7	3	0	21	506	6	36	4	6	25
Ftrad_Otu_00025	0	1	0	1	73	3	18	2	0	2	4	59	4	1783	26	26	3	0	26	2	1	96	4	7	2	3830	0	7	31	5	0	4	20	0	2	4	0	1	0	3	5
Ftrad_Otu_00026	10	0	8	6	77	10	4	6	2	15	23	236	86	278	24	24	139	31	27	14	696	174	34	218	222	170	817	404	36	24	17	13	18	1089	280	1747	517	957	543	1079	212
Ftrad_Otu_00027	14	1	2	67	8500	3	24	322	103	1877	0	0	11	4	0	2	1	0	31	0	127	54	0	66	0	2	0	0	0	0	0	1	0	0	0	136	0	0	0	47	0
Ftrad_Otu_00028	807	610	356	4	49	10	15	2	51	0	17	5	76	1547	29	58	69	14	0	0	0	5	4	1	0	3	0	0	26	0	0	1	0	2	19	0	4	4	453	1	2
Ftrad_Otu_00029	3	0	19	0	6	0	0	7	1	6	0	14	37	0	3	3	1	3	30	4	21	4	8	15	2	2	0	0	7	0	1	0	0	1	2	3	1	18	8	16	8
Ftrad_Otu_00030	3	36	17	2	47	10	1	12	10	18	3	20	70	20	33	73	41	7	1	1	109	19	77	8	123	6	27	45	20	116	27	56	38	32	71	79	17	19	67	2	104
Ftrad_Otu_00031	27	20	28	10	224	26	7	61	15	314	41	270	77	262	133	535	675	155	266	196	143	313	93	104	217	83	119	27	64	67	12	47	80	109	40	90	57	94	34	24	40
Ftrad_Otu_00032	45	0	2	6	5	2	2	22	4	207	22	74	38	374	23	51	71	20	21	42	15	100	6	45	9	30	157	119	43	107	39	327	276	46	38	733	177	806	22	33	583
Ftrad_Otu_00033	17	1	3	10	61	5	15	2	0	7	3	29	2	78	2	1515	12	1	2	0	88	20	228	10	31	13	331	22	7	0	99	1	9	2	44	73	12	4	1	7	0
Ftrad_Otu_00034	8	4	0	5	8	13	2	28	1	174	6	117	47	163	42	277	291	61	128	56	89	159	28	41	141	25	63	99	57	113	34	48	57	194	16	57	46	66	243	22	110
Ftrad_Otu_00035	90	10	28	1	16	0	3	1	29	0	0	362	7	0	2	6	0	0	0	0	0	2	39	1	6	0	0	0	0	0	6	0	0	0	0	0	0	0	0	0	0
Ftrad_Otu_00036	300	6	7	5	238	1	6	17	80	37	13	438	47	45	154	155	71	46	30	22	67	110	33	70	114	16	202	9	144	218	27	6	11	51	83	226	47	196	180	108	37
Ftrad_Otu_00037	29	11	5	10	92	13	6	5	5	4	7	954	36	5	150	42	13	3	1	1	25	7	38	13	431	7	437	77	21	181	13	21	21	34	67	22	28	15	33	35	24
Ftrad_Otu_00038	9	1	7	10	845	10	2	20	108	3998	2	11	142	220	13	377	29	5	22	18	89	79	20	30	17	26	78	74	122	19	29	5	44	20	4	66	23	96	88	0	104
Ftrad_Otu_00039	2	0	15	0	8	0	3	1	2	9	0	4	0	0	17	7	0	1	2	0	8	3	4	19	2	2	9	22	4	191	15	17	2	26	16	5	46	11	7	25	82
Ftrad_Otu_00040	1	0	1	0	4	0	0	0	0	357	3	669	91	73	66	296	142	124	267	286	438	94	176	340	56	19	3	6	2	4	0	0	2	1	0	2	1	0	0	0	0
Ftrad_Otu_00041	25	3	8	1	234	4	3	2	7	13	2	1	15	0	0	2	0	0	0	1	19	3	2	10	22	0	0	0	0	0	0	0	0	0	0	0	0	0	0	0	0
Ftrad_Otu_00042	31	8	4	0	2	1	0	10	1	0	0	44	2	0	10	4	2	0	0	0	0	0	16	0	6	0	9	19	19	14	6	19	1	7	38	32	13	19	7	188	43
Ftrad_Otu_00043	0	0	0	0	2	2	0	0	0	0	2	27	35	0	3	2	5	0	0	0	1	6	22	2	2	2	39	68	15	0	17	12	5	66	37	18	68	23	15	70	61
Ftrad_Otu_00045	0	3	5	3	60	5	2	3	4	436	0	2	12	0	0	2	4	4	4	4	20	1	18	1	1	13	7	40	49	29	19	4	0	11	10	7	21	27	10	12	0
Ftrad_Otu_00047	12	16	38	1	25	1	3	5	0	0	0	4	15	7	26	0	0	0	0	0	5	2	0	0	0	12	48	10	1	21	7	6	1	42	94	150	60	27	11	2	48
Ftrad_Otu_00048	60	134	58	22	350	13	2	49	14	0	2	14	115	3	44	12	38	5	3	0	87	16	21	12	81	4	404	67	7	8	13	17	3	56	60	13	377	18	68	8	60
Ftrad_Otu_00049	0	0	4	0	2	0	0	2	0	8	0	3	27	2	2	2	2	3	5	5	4	0	1	1	0	1	9	49	4	49	0	3	6	17	0	34	34	32	14	78	24
Ftrad_Otu_00050	12	0	0	9	13	7	3	0	2	0	0	0	87	1	0	1	0	0	0	0	36	1	2	0	2	1	1389	0	5	0	10	0	106	0	859	0	7	11	5	4	17
Ftrad_Otu_00051	5	3	8	0	2	0	2	3	0	5	4	3	15	2	0	17	11	21	2	5	156	1	21	7	42	2	3	0	2	157	17	36	0	0	3	45	0	25	73	4	26
Ftrad_Otu_00054	0	1	0	0	0	0	0	0	0	3	0	3	4	0	2	2	1	4	3	3	1	0	2	1	1	0	0	3	0	36	0	5	0	20	0	21	16	49	16	10	18
Ftrad_Otu_00055	13	47	16	8	78	14	1	37	30	27	7	30	144	21	44	21	74	47	71	28	77	17	2	40	17	11	1	0	0	22	0	0	0	0	0	0	0	0	0	0	0
Ftrad_Otu_00056	6	1	16	3	143	4	0	7	0	661	1	21	387	81	43	190	22	8	13	5	23	55	25	8	32	8	0	119	39	1	43	16	9	81	0	12	0	10	0	0	27
Ftrad_Otu_00057	0	0	3	2	3	0	0	7	4	71	2	15	39	5	9	19	57	1	8	1	27	7	19	1	12	21	4	67	33	78	110	51	21	120	35	34	12	10	34	33	9
Ftrad_Otu_00058	30	64	82	10	135	15	6	46	14	5	0	1	82	5	2	22	62	0	2	0	12	113	9	1	29	5	11	60	2	0	14	371	3	0	2	12	22	7	0	3	18
Ftrad_Otu_00059	0	0	0	0	0	0	0	0	0	0	0	0	0	2	0	4	0	1	5	3	1	0	2	0	0	12	78	453	103	304	79	56	222	163	77	277	145	259	132	105	396
Ftrad_Otu_00060	2	8	5	3	19	9	1	7	7	11	4	15	36	11	9	17	20	6	6	22	10	30	10	19	18	3	68	53	5	107	4	25	7	36	69	17	22	57	137	10	42
Ftrad_Otu_00061	0	0	2	0	0	0	0	0	1	18	4	47	2	20	46	49	63	4	74	9	42	12	485	31	91	24	3	0	0	0	0	3	3	0	0	0	0	9	0	2	5
Ftrad_Otu_00062	0	0	1	0	0	0	0	0	0	109	1	47	0	2	20	19	24	11	9	11	164	20	392	19	207	68	0	0	0	0	0	0	0	0	0	0	0	2	11	0	0
Ftrad_Otu_00066	1	0	1	0	0	0	0	0	1	12	1	5	2	71	25	24	88	12	3	2	105	66	25	22	64	21	0	0	0	0	0	0	0	0	1	14	0	0	0	0	0
Ftrad_Otu_00067	0	0	5	14	12	0	0	3	4	0	0	7	3	9	21	22	14	7	9	4	20	9	2	5	7	7	0	0	0	0	0	0	0	1	8	3	0	0	0	0	12
Ftrad_Otu_00070	0	3	7	0	8	38	1	1	0	8	0	1	46	22	3	3	35	2	20	3	13	132	14	11	18	0	1	4	24	0	1	0	0	0	0	0	0	0	12	0	418
Ftrad_Otu_00071	42	19	41	12	328	17	26	46	42	1	10	29	83	12	31	16	32	2	2	4	25	2	2	1	6	4	2	3	2	0	50	11	1	0	48	0	8	0	5	9	3
Ftrad_Otu_00072	9	0	0	1	8	0	0	1	0	1	1	13	4	6	139	4	32	12	3	1	42	3	9	10	165	39	62	66	100	77	7	16	12	59	50	52	2	815	7	44	55
Ftrad_Otu_00073	1	0	0	1	49	11	0	0	0	15	111	19	17	205	13	28	11	1	2	3	15	4	193	20	1	4	0	0	10	906	0	0	0	0	0	0	1	0	0	0	0
Ftrad_Otu_00075	0	0	0	0	0	0	0	0	0	10	2	5	0	18	3	38	15	10	0	16	8	29	0	0	83	4	100	73	39	0	0	11	0	38	84	24	25	75	100	0	0
Ftrad_Otu_00076	0	0	1	0	14	0	0	0	0	45	0	12	4	1	3	16	5	1	13	18	17	24	4	3	2	2	6	0	1	0	1	0	1	0	0	10	4	0	0	0	0
Ftrad_Otu_00080	1	0	1	0	0	1	3	0	1	0	1	3	0	27	1	4	18	4	5	2	2	2	4	0	21	0	8	0	9	14	4	10	0	88	57	12	17	24	17	5	19
Ftrad_Otu_00082	1	2	1	0	2	0	0	4	0	1	1	2	7	7	1	3	11	2	1	3	1	14	2	4	42	6	31	0	0	0	1	123	10	13	51	3	4	0	0	8	0
Ftrad_Otu_00084	31	3	0	0	0	14	0	0	9	1	277	0	1	114	35	8	4	1	1	3	10	0	1	1179	2	5	0	0	0	0	0	0	0	14	0	0	0	0	0	0	0
Ftrad_Otu_00088	3	7	1	0	2	2	0	2	1	0	0	5	7	8	2	1	4	2	2	0	1	1	35	7	2	0	28	64	9	13	3	2	0	14	4	7	2	159	0	0	26
Ftrad_Otu_00089	1	0	3	0	12	0	0	8	1	7	0	22	0	3	44	14	97	2	3	1	77	8	33	5	47	5	0	0	12	0	1	0	8	13	7	5	13	0	2	0	288
Ftrad_Otu_00091	0	0	0	0	0	0	0	0	0	0	0	0	0	0	0	0	0	0	0	0	4	1	0	0	0	0	2	20	0	17	2	0	18	10	1	18	12	50	75	8	29
Ftrad_Otu_00092	15	67	34	10	72	21	9	13	2	9	0	17	49	15	5	6	37	1	1	0	4	12	4	1	6	32	2	6	23	36	0	1	4	0	27	5	4	0	9	8	9
Ftrad_Otu_00093	1	2	5	0	6	2	0	1	2	3	1	7	19	7	2	9	7	0	1	0	6	8	0	3	1	4	279	32	9	22	7	8	17	92	165	417	104	136	60	131	41
Ftrad_Otu_00095	8	0	0	0	0	0	0	0	0	0	0	1	0	1	0	0	0	0	1	0	0	0	0	0	0	1	16	15	11	0	0	14	0	0	55	0	62	39	0	0	0
Ftrad_Otu_00096	12	36	6	0	4	16	0	11	24	36	0	4	1	0	0	16	1	0	0	0	0	0	3	1	8	0	84	0	98	0	2	0	0	0	8	24	1	0	205	0	0
Ftrad_Otu_00099	0	0	2	2	0	3	0	1	0	1	0	4	4	3	2	3	6	2	2	4	4	1	0	16	1	0	19	33	2	71	6	1	16	12	13	1	17	13	2	38	25
Ftrad_Otu_00101	5	11	3	0	88	0	1	3	0	0	0	6	29	2	0	5	91	3	1	0	1	1	1	3	10	3	2	78	18	0	19	26	1	0	2	0	37	0	0	3	4
Ftrad_Otu_00106	0	0	3	0	20	0	0	4	0	25	0	25	15	18	19	35	31	15	69	27	54	37	6	57	18	14	0	23	0	0	0	0	2	0	0	14	18	0	6	1	0
Ftrad_Otu_00109	1	1	1	0	42	9	1	6	1	8	0	2	16	9	3	15	7	6	1	0	4	12	0	6	1	0	22	12	0	32	10	16	1	43	8	20	29	8	187	0	7
Ftrad_Otu_00113	0	8	0	0	0	0	0	0	0	2	0	0	0	1	1	0	1	0	1	0	2	0	3	0	0	0	3	64	2	13	1	1	11	14	2	10	57	6	0	18	14
Ftrad_Otu_00114	2	1	1	4	14	4	1	5	0	15	1	12	1	12	5	9	8	8	12	23	6	9	9	8	12	2	22	5	1	2	3	18	2	10	0	11	10	0	7	0	2
Ftrad_Otu_00119	2	2	14	1	0	0	0	2	0	1	0	5	1	1	6	8	1	0	1	0	43	0	38	0	1	10	0	18	0	0	0	0	0	0	0	0	13	0	4	0	1
Ftrad_Otu_00121	0	0	0	0	20	0	0	1	0	398	1	9	1	1	12	1	3	4	1	10	640	80	21	33	11	3	5	0	0	0	0	0	0	4	0	0	0	12	6	0	0
Ftrad_Otu_00122	0	0	3	1	73	1	1	5	2	14	2	15	23	6	13	18	45	10	13	19	20	27	8	18	2	20	5	14	0	0	13	0	2	0	4	2	5	10	0	5	2
Ftrad_Otu_00124	0	0	0	0	0	0	0	0	0	16	0	29	0	6	57	20	42	2	4	0	322	52	18	18	72	6	0	2	0	0	0	4	0	3	0	2	3	1	3	2	0
Ftrad_Otu_00125	0	0	9	0	68	0	0	23	0	5	0	18	1	6	3	9	5	11	10	4	71	0	0	0	1	0	0	15	0	0	0	0	0	18	0	13	0	0	8	0	0
Ftrad_Otu_00126	1	0	6	1	2	2	0	1	5	2	1	5	2	8	19	13	11	2	0	0	17	5	9	0	5	1	1	0	0	14	2	0	0	15	4	1	16	3	23	0	7
Ftrad_Otu_00129	6	3	3	1	13	0	0	7	2	0	0	2	17	1	1	25	9	4	7	1	34	7	5	0	40	0	0	2	14	40	2	61	0	46	17	5	0	13	128	11	0
Ftrad_Otu_00130	3	11	5	0	4	2	0	17	3	1	2	1	0	0	0	13	2	0	0	0	34	4	0	3	6	2	5	17	6	253	2	3	12	6	15	4	0	2	7	0	1
Ftrad_Otu_00131	0	0	1	0	0	0	0	1	0	1	0	10	1	2	3	4	1	2	0	0	3	2	1	1	40	2	44	2	4	9	7	38	2	4	12	0	14	9	3	3	0
Ftrad_Otu_00132	1	0	0	0	3	0	0	17	6	1	0	0	12	0	0	0	6	0	4	3	0	0	0	0	0	0	15	32	21	0	5	5	2	5	20	3	7	6	24	19	9
Ftrad_Otu_00135	22	0	0	0	2	0	0	2	2	0	0	7	4	8	6	19	3	2	0	12	43	3	12	0	7	3	0	0	2	0	89	0	0	0	0	0	0	0	4	0	6
Ftrad_Otu_00136	0	2	4	0	1	0	3	0	0	1	0	7	23	0	0	3	2	0	2	3	2	6	0	1	8	0	2	35	0	21	1	88	5	11	2	7	9	6	36	3	0
Ftrad_Otu_00137	0	0	0	0	0	0	0	0	0	1	1	10	0	3	4	11	4	2	18	7	12	7	13	7	31	0	0	1	0	0	5	1	0	4	1	0	0	6	0	0	8
Ftrad_Otu_00141	5	0	0	0	6	0	1	1	0	4	0	31	1	0	15	0	7	1	1	0	70	198	16	14	5	5	0	3	0	0	25	0	0	11	12	3	0	0	0	1	0
Ftrad_Otu_00144	5	0	0	1	48	0	0	30	7	3	0	165	11	3	3	5	1	2	7	3	1	10	110	0	5	4	0	2	0	0	0	0	0	1	0	2	9	0	1	1	3
Ftrad_Otu_00152	2	5	4	0	3	2	0	1	1	4	0	2	12	5	0	6	2	1	3	0	2	6	3	1	0	3	8	8	1	154	0	0	0	28	5	0	0	10	0	15	13
Ftrad_Otu_00154	0	0	0	0	0	0	0	0	0	0	0	0	0	0	0	0	0	0	0	0	0	0	0	1	0	0	0	129	2	62	0	1	15	1	4	43	2	47	13	14	4
Ftrad_Otu_00157	4	0	0	0	79	0	0	0	0	1	0	8	3	0	8	7	1	2	16	1	15	0	0	0	19	3	129	0	0	0	0	0	0	0	0	0	0	4	53	0	0
Ftrad_Otu_00158	0	0	2	0	31	3	0	12	0	3	0	1	1	5	3	7	9	1	6	4	3	9	4	1	5	1	11	0	0	12	2	2	8	26	1	0	0	3	56	5	7
Ftrad_Otu_00165	0	15	0	0	0	0	0	1	0	4	0	1	1	11	4	7	8	1	16	0	7	2	1	3	3	6	4	2	0	27	0	0	0	0	0	2	0	18	0	0	0
Ftrad_Otu_00166	3	0	2	0	0	1	0	0	0	7	0	0	4	13	1	2	1	0	1	7	3	1	2	0	18	1	14	18	0	0	14	2	0	0	11	98	5	5	28	0	6
Ftrad_Otu_00170	0	1	0	1	0	1	0	0	0	1	0	21	31	4	3	0	21	1	11	1	1	0	0	3	1	15	4	0	1	0	0	1	4	4	40	0	0	0	0	2	1
Ftrad_Otu_00187	0	1	0	0	14	0	1	0	0	0	0	0	0	0	0	0	0	0	0	0	0	0	0	0	0	0	0	14	2	0	5	12	0	13	15	0	2	0	0	0	0
Ftrad_Otu_00189	2	0	1	0	3	2	0	0	0	0	0	0	4	5	1	4	4	2	0	1	0	1	0	1	1	3	10	18	10	8	6	5	13	16	48	16	1	19	16	14	12
Ftrad_Otu_00216	4	1	4	0	17	2	0	0	1	0	0	0	8	0	0	2	1	0	3	0	4	0	0	0	0	0	1	0	4	15	1	25	0	0	0	0	0	2	11	4	16
Ftrad_Otu_00219	0	0	0	0	1	0	0	1	3	3	3	2	1	13	2	6	14	0	1	0	8	3	1	9	8	3	15	17	10	3	4	2	6	4	20	0	1	2	18	3	19
Ftrad_Otu_00228	0	0	1	0	15	0	0	0	0	0	0	0	4	1	1	0	6	0	0	0	3	1	0	2	0	2	9	0	0	15	0	5	2	0	24	12	0	28	0	9	0
Ftrad_Otu_00232	0	0	0	0	1	0	0	0	0	6	2	5	1	12	4	1	8	7	2	0	29	4	9	2	1	1	6	2	3	3	20	38	12	0	2	1	26	12	6	3	5
Ftrad_Otu_00234	1	0	0	0	0	0	0	0	0	1	3	9	4	16	5	20	3	3	1	1	4	10	5	4	0	4	8	14	48	1	1	3	1	13	10	4	2	14	8	2	7
Ftrad_Otu_00252	0	0	0	0	0	0	0	0	0	0	0	11	0	1	34	12	4	1	0	0	75	19	7	0	28	0	0	0	0	0	0	0	0	0	0	3	0	0	0	0	0
Ftrad_Otu_00287	1	0	0	0	40	0	0	9	0	2	0	0	17	6	13	0	1	0	1	0	7	1	1	3	3	1	0	56	0	0	1	1	0	0	0	0	0	20	0	0	0
Ftrad_Otu_00289	0	0	0	0	3	0	0	0	0	0	1	7	5	0	14	12	5	0	2	0	30	5	15	3	67	0	19	5	0	0	0	0	0	0	2	0	3	1	0	0	0
Ftrad_Otu_00357	20	0	2	3	31	2	1	4	11	0	0	0	50	49	0	0	6	0	0	0	2	0	0	0	0	1	0	0	0	0	0	0	0	0	0	0	0	0	0	0	0
Ftrad_Otu_00368	0	0	0	0	0	0	0	0	0	0	0	0	0	0	0	0	0	0	0	0	0	0	0	0	0	0	0	4	12	16	5	4	80	61	1	23	1	7	8	0	0
Ftrad_Otu_00380	0	0	0	0	52	1	1	0	0	0	0	0	0	1	0	1	6	0	0	0	0	12	1	0	0	0	20	0	0	22	0	0	0	0	0	0	13	0	0	2	0
Ftrad_Otu_00384	0	0	0	0	1	0	1	1	0	0	0	1	0	4	0	2	12	1	1	0	6	2	2	12	11	0	3	5	2	1	1	0	8	3	11	4	1	1	16	1	11
Otrad_Otu_00001	9810	8311	13085	989	869	4877	4667	3273	43202	42610	6850	2247	23522	35683	9871	12288	37093	8042	36365	7889	9895	952	22	6452	9809	21509	28243	6296	71598	261	320	131	84	77157	56010	7756	3989	10748	7422	2462	674
Otrad_Otu_00002	5	19	4836	12	127	3	4	97	298	9192	6242	15670	37	66	641	320	1537	2149	5009	874	40081	34367	4698	22963	21863	11134	5	49	0	13	40	27	91	0	0	34	23	108	135	78	16
Otrad_Otu_00003	1	0	0	5	0	0	0	43	26	5	0	1	200	32	75	49	338	165	8	11	3	0	0	0	0	0	47	350	0	598	873	2281	535	3	16	1607	6040	2489	1106	1543	1224
Otrad_Otu_00004	0	0	0	0	0	0	0	0	0	3	0	0	0	0	2	4	0	4	3	187	0	0	0	0	0	0	5	0	0	6	1	0	21	0	15	1168	939	127	0	110	0
Otrad_Otu_00008	0	0	0	25	0	0	0	0	0	99	0	0	1	1	14	90	14	186	1	0	1	5	0	0	0	0	7	0	0	0	0	0	0	0	0	0	0	0	0	0	0
Otrad_Otu_00011	0	0	0	8	0	0	0	18	1	3	0	0	44	0	1	7	59	37	0	0	0	0	0	0	0	0	0	28	0	0	21	102	94	1	2	39	0	0	147	44	117
Otrad_Otu_00024	78	60	68	3	4	23	36	24	231	137	22	10	125	172	45	64	186	39	144	27	28	1	0	10	23	62	117	57	221	24	0	0	0	358	320	69	0	62	67	0	0
Otrad_Otu_00030	0	0	0	94	0	0	0	6	0	0	0	0	17	1	6	14	57	59	1	0	1	0	0	0	0	0	0	0	0	0	65	0	0	0	0	0	0	11	0	0	0
Otrad_Otu_00042	0	0	0	5	0	0	0	16	0	0	0	0	6	14	6	6	7	149	1	1	1	0	0	0	0	0	0	0	0	0	25	11	0	0	1	209	0	4	0	36	8
Otrad_Otu_00055	0	0	0	0	0	0	0	0	0	0	0	0	4	0	2	1	12	8	0	0	0	0	0	0	0	0	0	3	0	2	22	35	8	0	0	20	47	69	22	24	37