ID	S22	S23	S24	S25	S26	S27	S28	S15	S16	S61	S18	S21	S63	S72	S73	S75	S76	S64	S65	S66	S67	S68	S69	S70	S71	S227	S228	S229	S230	S231	S232	S234	S235	S236	S237	S238	S239	S240	S241	S242
BacV5_Otu_000002	1847	4618	815	903	4662	1082	6593	1124	1994	1946	448	1822	570	5592	3151	113	1553	1415	1335	414	1753	617	1888	3284	3531	907	60	1445	68	286	168	94	2456	128	173	670	80	80	1193	297
BacV5_Otu_000003	78	197	408	266	369	114	334	77	616	400	275	134	2042	3819	2689	745	195	4058	2132	3687	1635	2351	2059	1750	1606	440	199	835	296	272	137	87	424	1066	937	122	565	96	503	260
BacV5_Otu_000004	446	111	119	384	120	209	261	365	214	89	1029	52	124	440	180	246	45	418	1175	259	568	861	319	186	217	1373	1175	727	539	649	2200	865	2468	847	3747	2780	1851	1016	595	1155
BacV5_Otu_000005	998	164	408	232	414	361	2064	290	300	103	19	285	148	1302	315	62	59	79	480	843	151	427	966	1070	557	1416	420	172	446	743	48	77	584	54	38	100	121	1208	1214	328
BacV5_Otu_000006	1	0	0	0	2	0	1	0	0	0	0	1	2	4	2	0	1	6	0	4	1	0	2	1	0	1078	3877	3608	1506	1982	4401	1432	1524	3154	2892	910	2706	1049	1422	1724
BacV5_Otu_000007	434	230	366	159	99	194	448	233	990	77	148	113	1388	863	277	42	68	1624	807	830	1255	666	192	923	1428	66	14	1831	6	107	15	29	316	36	35	10	13	499	8	7
BacV5_Otu_000008	8	5	14	11	1	5	5	31	2	7	5	0	61	59	31	11	46	58	127	55	72	187	87	74	128	155	441	397	384	205	553	179	240	425	592	115	294	164	236	265
BacV5_Otu_000009	1	0	0	0	0	1	4	0	0	0	0	1	0	2	1	0	1	4	134	4	112	13	6	1	2	90	317	343	111	232	474	126	127	267	261	105	260	113	123	153
BacV5_Otu_000010	530	84	259	304	168	124	451	177	138	66	87	264	69	349	331	175	344	1160	597	356	1139	189	327	1205	760	58	10	443	31	25	19	4	77	43	108	145	34	50	101	19
BacV5_Otu_000011	141	19	51	123	34	69	83	98	73	29	465	13	44	129	83	71	66	150	404	68	217	434	57	46	63	112	51	158	40	58	99	81	284	85	1832	111	278	145	44	122
BacV5_Otu_000012	26	7	18	18	25	14	30	7	14	8	10	2	23	12	6	14	8	207	71	47	55	20	23	18	12	148	261	136	76	331	599	105	253	222	223	244	194	134	260	81
BacV5_Otu_000013	31	23	39	48	16	30	67	20	15	84	54	61	67	170	231	136	41	271	773	244	717	665	297	157	126	414	85	339	124	60	137	195	540	123	262	390	107	160	91	70
BacV5_Otu_000014	540	32	227	102	33	127	115	139	37	57	92	94	369	292	47	369	459	538	426	632	246	303	296	177	441	130	2	15	175	32	25	49	264	103	86	75	13	24	13	2
BacV5_Otu_000015	91	155	463	23	8	25	103	84	9	23	104	364	71	96	33	1	10	71	120	33	143	336	79	267	302	566	27	540	88	124	53	99	208	43	27	98	8	8	65	1
BacV5_Otu_000016	65	4	1	17	1	13	15	2	3	139	4	14	90	213	450	61	11	145	230	287	518	1004	12	208	22	1	42	3	4	350	1	8	23	51	4	1	17	98	150	0
BacV5_Otu_000017	0	1	4	12	1	1	2	0	3	13	2	4	224	512	74	63	46	20	45	2	385	327	70	116	18	12	0	0	9	0	13	47	0	0	0	0	2	3	3	0
BacV5_Otu_000022	22	2	0	44	4	3	7	10	0	103	4	2	85	296	234	117	69	77	530	260	359	853	252	116	205	6	7	113	41	14	13	27	132	1	4	1	4	6	15	184
BacV5_Otu_000025	169	56	38	33	27	17	64	22	64	24	50	18	1	246	20	10	27	104	24	31	108	10	293	155	39	52	4	20	72	661	6	11	150	61	24	27	1	41	29	2
BacV5_Otu_000027	14	5	5	20	6	7	11	13	8	3	24	2	6	18	6	19	4	33	27	20	22	24	25	10	12	115	113	107	41	46	117	72	166	86	207	131	179	104	32	76
BacV5_Otu_000028	24	0	11	85	1	18	4	2	21	105	16	88	0	0	84	0	0	3	34	161	0	3	1	0	1	1	0	0	0	386	0	5	0	0	2	0	1	381	6	0
BacV5_Otu_000030	73	9	16	61	15	20	40	25	29	9	181	7	49	51	35	64	36	338	217	74	172	90	61	102	68	71	45	30	44	22	44	24	113	58	738	53	112	48	27	58
BacV5_Otu_000031	194	51	5	123	29	14	12	22	4	15	7	28	67	79	243	14	22	218	46	391	181	131	811	183	98	34	7	75	3	16	9	9	121	4	8	19	3	19	36	4
BacV5_Otu_000033	6	3	2	13	5	3	11	3	9	7	5	5	31	15	33	33	9	156	204	67	35	76	36	45	25	61	37	21	28	16	34	40	53	20	45	58	22	33	53	22
BacV5_Otu_000034	33	7	15	44	12	12	36	45	19	18	57	10	32	54	62	58	20	114	154	91	135	90	93	99	77	67	33	18	22	16	87	34	97	48	171	74	65	52	22	40
BacV5_Otu_000036	20	12	32	43	2	720	73	380	0	0	10	9	40	42	27	74	43	24	3	70	134	154	40	49	29	18	7	21	0	5	22	22	18	4	12	42	2	0	27	0
BacV5_Otu_000037	16	7	3	10	9	3	17	40	49	3	14	2	3	185	1	11	0	58	148	787	52	0	137	3	66	5	1	84	49	10	6	77	104	29	3	1	11	1	29	0
BacV5_Otu_000039	0	1	0	2	6	0	1	1	0	22	3	0	10	105	83	275	1	88	170	6	137	234	27	3	109	18	4	0	130	73	93	0	98	0	45	55	66	65	32	1
BacV5_Otu_000040	10	8	4	10	6	4	9	7	7	3	7	3	9	7	3	11	9	42	64	5	12	14	13	2	6	52	67	60	44	31	117	41	252	63	249	253	120	113	37	26
BacV5_Otu_000041	12	6	7	10	4	8	8	11	9	8	4	4	9	16	7	28	2	113	89	12	36	51	25	26	10	92	76	69	51	40	121	57	176	87	117	266	112	153	53	41
BacV5_Otu_000042	201	97	14	4	77	428	330	3	5	0	2	220	0	16	0	0	0	1	10	0	0	0	0	0	0	0	0	0	0	0	0	0	0	0	0	1	0	0	2	0
BacV5_Otu_000043	11	1	6	17	0	6	8	6	7	3	21	1	13	22	22	13	7	118	56	23	40	58	38	12	21	85	47	50	32	37	157	52	133	56	149	128	67	64	22	88
BacV5_Otu_000045	20	13	12	10	8	16	57	28	18	17	44	5	14	36	28	41	10	113	589	46	70	68	95	24	35	15	41	75	66	36	91	16	31	90	119	25	29	6	36	40
BacV5_Otu_000046	4	4	5	1	1	4	6	2	2	2	31	3	1	4	1	6	2	4	30	14	6	6	7	21	7	3	1	3	3	2	15	1	20	8	62	9	2	1	0	0
BacV5_Otu_000048	98	18	25	122	33	65	60	81	50	13	43	8	50	71	25	50	36	63	289	148	159	118	25	34	21	37	3	8	39	59	23	68	10	19	35	28	29	154	47	33
BacV5_Otu_000050	1	16	2	3	0	5	11	26	10	4	48	7	40	11	3	0	2	7	1	1	14	40	14	55	2	46	1	25	82	15	7	0	52	0	7	14	1	1	121	2
BacV5_Otu_000052	27	3	11	25	7	8	21	9	11	8	25	3	11	8	10	15	9	83	40	12	20	15	36	105	18	45	92	16	5	30	3	22	65	55	113	64	77	21	20	57
BacV5_Otu_000053	5	11	24	6	5	44	0	1	22	4	39	2	103	194	79	40	8	126	81	53	23	47	192	46	721	14	0	0	43	5	0	0	197	4	2	3	10	1	5	12
BacV5_Otu_000055	1	7	11	14	2	1	12	8	7	7	20	3	6	63	18	3	34	81	52	8	16	12	93	81	186	4	14	1	1	21	3	12	8	21	86	13	2	1	0	4
BacV5_Otu_000056	26	5	9	27	14	8	20	28	31	10	28	3	21	21	30	26	16	85	55	28	120	49	36	45	33	6	13	8	2	9	41	3	25	12	113	11	33	11	11	16
BacV5_Otu_000057	6	3	11	12	3	6	7	9	6	18	11	10	28	42	67	49	14	296	243	66	79	96	131	73	67	23	24	15	18	19	11	33	58	50	49	48	23	21	14	16
BacV5_Otu_000058	9	4	25	23	3	4	7	8	3	4	24	3	3	5	5	4	1	4	120	3	27	13	3	6	0	16	7	19	7	12	47	5	18	11	52	11	28	20	6	29
BacV5_Otu_000059	21	4	8	16	7	10	22	7	13	8	14	4	19	12	15	17	2	108	48	20	29	24	13	12	12	74	36	72	41	42	64	16	59	45	29	205	33	78	11	36
BacV5_Otu_000060	34	0	5	8	2	41	0	349	0	0	1	1	1	4	65	3	1	6	35	4	1	0	643	57	6	227	0	0	0	1	0	0	0	0	10	2	0	0	0	9
BacV5_Otu_000061	9	5	1	21	3	12	10	2	0	0	6	5	1	93	0	2	2	16	2	5	9	13	18	0	7	37	6	10	6	13	29	49	0	0	1	3	0	0	7	0
BacV5_Otu_000062	2	1	7	1	2	5	5	16	8	10	43	10	13	19	10	18	5	24	101	38	77	84	65	47	26	49	18	37	6	6	258	36	141	13	17	93	23	14	2	15
BacV5_Otu_000063	6	0	2	4	2	10	4	3	4	7	4	0	8	12	10	22	9	96	86	34	39	33	28	15	19	61	31	23	35	17	118	38	49	25	78	93	44	28	13	18
BacV5_Otu_000064	5	5	10	6	1	2	7	16	2	12	41	5	21	39	69	7	17	311	110	22	92	84	251	58	138	30	1	19	19	68	7	66	66	12	46	40	0	1	3	0
BacV5_Otu_000065	20	4	6	22	9	10	25	10	13	10	12	4	11	16	14	12	11	94	49	34	32	44	11	22	16	48	40	52	30	27	23	23	30	35	15	102	33	57	28	29
BacV5_Otu_000066	3	0	35	14	5	32	4	6	3	2	27	11	7	114	27	16	25	24	181	35	44	86	51	230	144	50	9	13	25	6	5	2	120	7	5	2	2	4	1	1
BacV5_Otu_000067	120	40	20	3	7	0	0	133	10	0	1	0	2	18	56	2	298	2	71	20	6	21	8	64	39	0	0	0	0	0	0	0	0	3	0	6	0	0	69	0
BacV5_Otu_000068	5	6	3	2	1	2	3	13	4	2	23	0	2	28	3	3	6	28	42	16	10	23	25	23	32	1	0	6	0	0	23	8	1	3	280	21	3	1	11	1
BacV5_Otu_000069	3	1	1	4	0	3	1	0	2	3	0	1	8	9	19	66	2	12	112	37	60	260	49	2	105	52	11	10	7	20	18	12	122	8	30	50	21	8	6	1
BacV5_Otu_000071	7	1	2	4	3	1	4	3	3	3	7	1	14	10	14	16	4	66	104	41	38	48	16	23	8	51	16	18	21	18	51	16	44	14	23	65	33	24	34	12
BacV5_Otu_000072	36	6	8	24	5	14	27	13	12	2	17	6	30	31	13	56	13	102	84	62	79	41	20	22	14	8	11	15	16	12	29	5	41	15	45	30	32	34	14	16
BacV5_Otu_000073	38	5	6	18	12	5	24	42	15	11	26	2	12	10	21	26	12	75	54	30	38	26	25	19	7	25	20	4	18	6	50	15	39	19	70	53	36	25	18	18
BacV5_Otu_000074	35	2	9	18	8	8	20	12	16	4	15	2	16	2	8	11	3	199	32	17	41	26	8	5	10	42	42	25	16	10	35	21	57	39	46	140	74	46	11	39
BacV5_Otu_000075	4	9	2	10	13	10	24	1	21	9	26	11	2	40	15	4	0	6	5	3	32	2	2	178	40	9	6	0	24	1	2	0	3	0	10	8	5	3	3	0
BacV5_Otu_000076	0	1	1	1	0	1	0	1	0	15	1	0	12	2	17	3	6	6	89	4	6	16	2	6	17	79	2	64	5	20	18	5	171	1	226	8	1	0	128	18
BacV5_Otu_000077	7	48	27	5	1	9	8	19	3	1	3	70	10	10	4	0	3	9	10	8	48	16	17	17	71	29	4	56	15	52	1	100	65	24	6	37	2	0	11	2
BacV5_Otu_000080	0	1	0	0	0	1	1	0	0	0	0	1	0	5	0	0	0	4	11	14	1	3	1	1	0	19	39	29	31	19	122	11	68	27	44	20	13	29	23	12
BacV5_Otu_000081	4	7	41	5	1	8	6	44	3	4	64	33	9	2	14	3	0	142	44	5	21	12	33	14	23	13	9	27	5	14	15	14	31	7	15	19	13	14	20	4
BacV5_Otu_000083	28	5	9	48	4	16	16	18	12	1	39	4	6	23	40	24	1	26	139	23	51	127	24	19	9	13	12	18	0	8	4	9	23	14	100	4	36	34	8	34
BacV5_Otu_000084	0	0	0	0	0	0	0	0	0	0	0	0	0	0	0	0	0	0	0	0	0	0	0	0	0	16	14	14	6	0	32	9	16	21	13	8	6	7	13	5
BacV5_Otu_000085	48	18	27	38	9	20	45	34	27	11	14	2	13	22	14	13	2	45	18	23	12	13	21	15	13	0	1	0	0	0	0	1	0	2	2	0	2	2	0	0
BacV5_Otu_000086	26	7	48	17	5	11	1	0	23	0	74	22	8	22	72	131	6	125	13	12	3	0	217	65	5	9	0	0	0	0	0	1	13	1	1	2	1	1	6	0
BacV5_Otu_000088	4	2	0	2	0	0	0	4	0	3	2	0	8	4	2	6	0	13	6	3	6	3	1	5	0	2	29	0	1	6	57	12	52	16	122	58	1	6	1	3
BacV5_Otu_000089	18	2	3	11	8	3	7	6	7	1	26	2	29	24	15	27	8	46	70	16	82	38	21	11	20	31	21	25	6	8	25	8	20	11	30	18	22	13	15	21
BacV5_Otu_000090	6	2	3	4	1	2	1	2	4	2	6	8	6	7	6	33	5	29	19	13	31	22	81	8	7	22	23	15	8	20	26	5	25	20	13	76	15	38	13	13
BacV5_Otu_000092	8	7	2	3	4	4	7	5	6	3	5	2	13	5	7	9	2	126	68	10	9	19	6	10	3	36	24	19	24	34	50	13	50	31	23	74	39	42	20	12
BacV5_Otu_000093	0	0	2	0	1	0	0	1	0	1	2	0	2	0	3	1	0	4	30	5	13	18	0	0	1	37	6	0	0	13	3	3	18	3	1	32	2	0	3	24
BacV5_Otu_000095	32	5	6	13	8	4	15	32	17	8	13	5	11	20	14	23	6	34	32	15	25	26	6	12	10	10	19	10	7	7	10	5	43	2	43	9	28	20	9	8
BacV5_Otu_000096	18	2	3	7	3	8	13	10	8	3	9	2	19	26	18	15	17	100	143	32	56	41	14	38	17	10	11	14	3	10	35	5	9	11	15	21	7	13	2	12
BacV5_Otu_000097	47	8	11	36	25	17	34	15	20	9	9	2	14	14	5	6	1	62	9	13	12	22	4	9	5	16	11	11	3	23	53	16	14	9	6	59	6	33	4	6
BacV5_Otu_000098	11	4	3	25	7	4	19	6	6	6	19	1	5	10	9	13	4	57	32	15	32	19	6	3	5	19	16	17	3	3	37	5	8	6	31	20	29	21	7	7
BacV5_Otu_000100	2	3	4	1	5	3	14	2	2	4	7	1	14	8	6	15	3	59	27	36	42	14	3	4	10	14	12	9	4	4	8	5	13	17	0	139	29	9	26	23
BacV5_Otu_000101	7	11	1	10	4	8	7	1	0	0	0	1	1	2	0	0	1	16	6	6	2	4	2	1	2	21	18	8	17	7	30	22	9	6	11	18	9	8	5	8
BacV5_Otu_000102	17	8	6	12	4	7	14	13	14	3	3	0	8	13	9	12	4	72	29	16	28	18	9	12	3	17	21	5	8	8	58	1	12	14	2	41	5	32	7	13
BacV5_Otu_000103	3	1	1	2	0	0	0	3	1	0	14	1	2	8	8	4	0	10	15	4	54	32	9	9	15	22	28	15	10	5	24	13	41	9	28	29	24	17	3	11
BacV5_Otu_000104	17	0	3	4	1	5	13	2	4	4	2	4	9	15	8	11	7	75	47	15	11	9	6	11	22	13	5	23	1	2	15	8	12	14	3	16	23	23	7	6
BacV5_Otu_000105	0	12	10	5	3	6	0	2	2	7	0	4	7	91	8	2	5	0	32	14	26	87	78	11	1	4	31	0	0	0	47	7	2	5	44	12	1	0	0	1
BacV5_Otu_000106	7	0	0	1	3	0	8	1	1	12	23	0	4	15	7	24	3	20	192	9	33	21	60	16	9	0	0	0	19	0	1	1	0	6	61	6	1	0	1	3
BacV5_Otu_000107	9	1	1	2	3	5	5	0	2	1	3	0	0	0	9	1	0	3	2	1	3	1	0	1	1	25	11	11	15	1	30	12	10	10	2	15	6	13	7	18
BacV5_Otu_000110	0	0	0	1	1	0	1	0	0	7	0	0	9	1	4	4	0	0	14	3	0	4	16	0	0	5	3	21	0	0	0	21	4	0	0	23	0	3	72	0
BacV5_Otu_000113	21	4	7	15	9	7	19	5	9	7	8	3	11	5	4	12	1	47	16	11	18	15	5	6	5	13	12	24	9	10	19	6	16	10	4	51	21	27	7	20
BacV5_Otu_000114	0	0	2	8	1	0	0	0	2	0	15	0	1	4	8	0	3	111	19	2	1	0	53	253	104	10	3	8	15	20	0	1	0	7	9	2	1	0	1	0
BacV5_Otu_000115	2	1	5	2	5	2	5	2	4	3	4	2	5	8	1	5	0	20	23	11	16	11	6	2	11	24	8	17	14	9	26	9	66	20	42	72	22	18	28	10
BacV5_Otu_000116	4	1	0	1	1	2	5	2	1	2	1	1	3	1	5	4	3	20	19	3	13	7	4	6	9	6	9	0	2	0	41	2	30	10	19	29	3	6	2	0
BacV5_Otu_000118	1	0	0	0	0	0	2	0	0	0	0	0	0	0	0	1	0	1	1	0	0	2	2	0	0	1	28	0	13	0	10	0	30	19	58	45	5	9	50	2
BacV5_Otu_000119	14	0	6	10	8	8	18	1	9	9	8	0	11	3	10	9	1	101	21	9	10	20	5	10	9	12	21	10	0	4	6	9	30	8	7	32	12	14	3	7
BacV5_Otu_000120	1	3	2	1	0	0	2	5	1	8	3	0	43	14	27	7	8	33	38	6	77	24	37	8	32	22	1	18	4	3	3	15	20	0	12	8	1	3	3	0
BacV5_Otu_000122	3	1	1	4	1	2	7	0	5	1	2	2	11	8	5	2	0	23	87	5	7	16	6	5	4	44	10	22	15	28	17	5	11	9	1	44	8	21	7	11
BacV5_Otu_000123	11	5	7	18	8	5	13	2	6	6	8	4	5	10	5	7	3	48	12	28	20	14	6	7	11	12	4	19	2	11	3	5	21	8	2	29	12	31	10	4
BacV5_Otu_000124	4	1	3	3	2	1	4	0	0	3	7	1	0	2	1	4	2	23	28	5	18	25	0	4	7	17	1	5	0	7	0	0	43	8	0	15	7	29	0	1
BacV5_Otu_000126	2	0	2	0	0	1	0	0	1	0	0	0	2	1	1	0	1	9	4	5	2	1	4	2	1	4	25	3	0	0	0	5	37	8	29	29	2	9	21	5
BacV5_Otu_000127	2	8	5	4	1	0	2	4	1	9	21	2	11	16	15	9	7	64	112	33	13	19	47	29	20	3	1	2	0	2	0	1	6	2	13	9	0	0	0	0
BacV5_Otu_000129	65	8	14	47	19	19	50	13	23	17	10	15	7	13	6	8	12	20	20	86	2	16	23	24	23	3	7	1	0	1	1	1	5	8	3	7	3	9	1	9
BacV5_Otu_000130	17	7	2	5	6	5	15	8	9	1	4	3	13	3	4	12	2	23	9	12	8	13	3	1	1	9	12	5	9	6	20	4	10	4	5	19	14	0	7	9
BacV5_Otu_000131	14	1	3	5	4	4	13	10	9	5	3	4	5	9	7	7	1	58	22	17	15	19	4	7	1	15	14	9	1	1	6	5	12	24	13	28	16	21	1	9
BacV5_Otu_000132	20	3	7	8	4	8	11	10	7	5	9	3	8	7	4	16	3	69	12	6	19	12	4	5	2	16	7	13	2	17	14	15	17	13	4	40	15	10	6	19
BacV5_Otu_000134	0	29	1	1	4	1	0	0	0	2	2	1	12	302	23	6	10	75	8	10	5	17	24	6	85	5	0	0	6	12	0	1	8	1	0	0	1	0	2	26
BacV5_Otu_000136	7	6	1	1	2	1	1	1	1	1	2	0	3	2	4	2	0	33	22	6	2	6	5	4	3	18	9	20	6	16	28	8	33	20	21	39	14	12	29	10
BacV5_Otu_000137	3	0	0	0	1	1	2	1	3	5	9	0	2	16	9	9	11	21	39	18	25	23	10	16	7	1	6	2	2	1	3	2	9	5	29	9	13	8	3	4
BacV5_Otu_000138	3	0	1	2	5	1	1	2	1	0	2	2	11	19	7	12	5	87	36	7	40	17	6	5	5	29	11	8	6	6	15	8	12	6	7	42	8	24	3	8
BacV5_Otu_000141	9	3	0	8	3	6	15	3	7	2	2	1	6	8	7	3	5	25	6	5	14	24	0	13	4	11	5	3	1	11	25	13	19	14	12	54	14	10	8	10
BacV5_Otu_000142	5	5	4	3	3	9	8	2	13	2	1	3	8	7	3	4	1	37	12	10	19	6	3	3	5	5	10	14	5	5	48	1	4	12	4	35	14	17	4	12
BacV5_Otu_000143	1	1	1	0	0	2	4	3	6	0	0	0	1	3	7	10	0	43	22	8	11	13	3	3	4	9	7	8	10	9	21	13	35	13	16	28	4	29	6	17
BacV5_Otu_000144	6	1	2	4	3	5	2	3	5	3	3	0	4	1	1	0	4	29	15	6	22	7	7	7	2	25	12	56	6	13	10	5	10	8	9	47	9	3	1	14
BacV5_Otu_000145	29	7	9	13	10	13	26	10	12	2	4	1	7	7	6	8	5	25	15	5	10	9	2	6	8	2	13	1	0	0	4	0	25	7	3	13	6	12	9	5
BacV5_Otu_000147	1	2	2	1	0	1	4	6	2	0	8	0	1	2	0	1	4	10	13	10	3	1	9	16	16	1	16	1	0	9	8	2	12	3	13	4	0	0	1	2
BacV5_Otu_000149	7	0	1	11	2	5	12	3	6	0	2	3	4	2	2	3	3	52	19	5	4	12	1	2	0	14	12	10	8	2	13	8	10	12	19	24	13	13	4	4
BacV5_Otu_000150	12	0	1	5	8	4	9	1	6	1	4	1	6	4	2	7	2	59	16	9	7	4	9	6	5	13	11	10	1	11	16	1	36	11	8	40	8	22	14	10
BacV5_Otu_000151	6	1	1	3	0	4	37	2	1	2	7	17	5	7	3	1	1	3	13	6	6	6	17	3	25	15	1	0	0	3	0	1	15	1	34	10	1	5	9	0
BacV5_Otu_000153	1	1	0	2	2	11	0	14	55	4	0	12	4	18	11	3	4	104	39	8	26	18	12	68	15	3	1	2	1	0	0	0	12	0	0	0	0	0	0	1
BacV5_Otu_000154	4	1	3	5	1	1	4	1	1	1	2	0	11	5	8	6	1	32	14	6	20	12	7	5	6	2	4	3	9	1	17	2	7	2	19	13	6	9	1	5
BacV5_Otu_000156	2	0	1	3	1	1	3	0	2	0	1	1	5	1	4	7	4	32	33	10	13	14	5	5	1	7	5	6	0	9	2	5	24	2	6	23	5	15	5	3
BacV5_Otu_000157	0	0	0	0	0	0	0	0	0	0	0	0	41	83	89	40	16	22	193	52	105	280	91	37	56	0	0	6	2	2	0	1	1	0	0	0	0	0	0	4
BacV5_Otu_000158	5	1	0	10	2	1	7	0	1	2	21	0	7	2	10	12	2	13	26	9	17	36	6	5	7	21	14	4	0	4	5	5	6	2	35	22	27	6	2	8
BacV5_Otu_000159	7	3	3	2	1	1	0	6	6	2	10	11	35	28	15	6	2	16	6	48	15	15	13	29	5	0	0	0	0	0	0	0	0	0	0	0	0	0	0	0
BacV5_Otu_000160	3	0	1	1	0	0	3	19	2	4	5	0	1	2	12	12	2	11	34	1	4	6	28	0	15	3	6	1	0	11	0	55	14	9	77	10	5	0	5	2
BacV5_Otu_000161	2	2	2	7	1	1	0	0	0	0	1	1	5	4	14	6	2	117	25	9	17	11	4	6	2	19	19	14	3	9	4	3	4	7	7	36	2	22	21	4
BacV5_Otu_000163	6	0	43	1	2	0	0	0	3	2	0	16	9	3	5	4	3	37	10	9	23	10	6	7	21	10	2	3	4	13	1	4	2	0	20	2	1	2	3	6
BacV5_Otu_000164	7	1	0	7	1	3	2	5	4	2	1	3	1	1	2	9	1	77	13	12	9	11	4	3	5	5	0	22	3	23	19	1	6	16	7	44	5	34	5	5
BacV5_Otu_000166	8	1	4	1	2	5	5	5	3	0	5	0	4	6	4	2	2	63	22	2	14	9	4	4	7	7	14	32	1	5	2	1	6	13	12	16	9	20	6	8
BacV5_Otu_000168	16	4	2	7	5	10	6	5	12	2	5	2	11	2	8	2	1	53	8	6	15	10	4	8	0	11	19	7	6	6	24	6	8	9	3	13	6	14	0	10
BacV5_Otu_000169	13	2	3	5	5	1	14	3	9	2	1	1	4	1	2	2	3	25	13	5	11	13	2	5	2	4	10	3	3	3	15	0	7	1	3	13	5	10	0	1
BacV5_Otu_000170	11	3	2	11	3	1	1	4	3	0	5	0	2	6	5	6	1	36	19	3	13	9	3	8	1	8	1	20	3	11	17	2	3	8	13	15	3	16	1	12
BacV5_Otu_000171	9	5	1	9	3	4	8	6	7	3	3	2	19	9	7	16	3	35	27	25	25	20	9	8	9	5	6	1	2	1	2	1	3	3	21	5	5	5	4	11
BacV5_Otu_000172	1	2	2	2	2	3	1	3	1	1	3	1	4	2	14	6	2	15	22	6	9	23	10	6	3	2	0	1	0	4	0	12	29	1	3	0	4	0	2	17
BacV5_Otu_000173	3	0	1	2	2	3	12	0	2	0	1	12	0	3	1	1	1	15	7	3	4	4	4	2	1	3	7	8	0	1	8	0	15	5	6	2	9	12	3	2
BacV5_Otu_000175	2	0	0	0	0	0	3	0	0	6	0	0	3	3	18	5	2	1	4	2	36	3	12	30	29	0	0	0	0	15	0	2	0	0	0	0	0	7	1	0
BacV5_Otu_000176	2	0	1	4	0	1	8	0	0	5	1	0	0	0	0	2	0	2	2	3	12	4	5	6	9	92	0	0	0	0	3	5	2	19	10	26	4	21	6	0
BacV5_Otu_000179	1	1	0	2	2	0	5	0	2	4	11	2	30	33	17	11	0	10	4	21	7	6	17	24	16	0	0	0	0	0	0	0	0	0	0	0	0	0	0	0
BacV5_Otu_000180	0	0	1	1	0	0	2	0	1	1	1	1	3	3	11	5	3	35	19	11	17	14	19	4	13	3	6	4	1	5	8	7	19	3	9	7	0	2	4	7
BacV5_Otu_000186	2	0	3	2	0	1	4	0	2	1	0	1	2	4	2	2	0	24	15	5	4	9	1	2	5	10	15	7	6	4	15	0	3	6	11	22	8	14	2	3
BacV5_Otu_000187	3	1	5	1	0	0	0	0	0	0	0	0	0	3	3	5	3	18	32	0	7	9	2	6	0	3	4	13	10	17	19	0	2	8	9	6	10	9	3	9
BacV5_Otu_000191	0	0	0	0	0	0	0	0	0	2	0	0	9	20	29	9	12	7	49	20	34	72	31	10	15	0	0	0	0	0	0	0	0	0	0	0	0	0	0	0
BacV5_Otu_000194	0	0	0	0	0	1	0	0	0	2	1	2	8	5	49	10	0	1	32	5	10	33	19	0	12	4	0	0	0	0	0	0	0	0	0	0	0	0	1	0
BacV5_Otu_000195	0	0	2	3	0	2	1	2	1	1	1	0	7	4	3	9	1	17	26	7	17	24	5	6	11	21	4	9	2	0	10	1	18	2	6	7	2	10	2	1
BacV5_Otu_000196	2	2	0	0	3	2	7	0	6	11	3	3	7	55	58	3	9	18	4	10	35	26	27	22	32	0	0	0	0	0	0	0	0	0	0	0	0	0	0	0
BacV5_Otu_000197	2	1	1	1	0	0	0	0	1	2	0	0	2	3	3	2	0	15	13	9	36	10	2	3	4	12	13	5	8	0	67	4	40	2	0	41	8	4	0	2
BacV5_Otu_000199	0	0	0	0	0	0	0	0	0	2	0	0	3	6	14	24	2	41	59	24	25	33	12	17	12	4	1	1	4	4	3	10	7	1	10	7	3	1	2	0
BacV5_Otu_000200	4	0	1	1	1	1	2	1	0	8	11	0	15	12	4	11	1	44	46	8	11	5	4	5	3	0	0	0	0	0	0	0	0	24	5	0	13	0	6	1
BacV5_Otu_000203	6	0	1	3	2	5	2	6	0	1	4	0	6	4	1	7	1	19	18	11	7	6	4	2	1	11	0	5	5	2	8	4	8	7	22	4	12	2	1	7
BacV5_Otu_000206	0	0	0	0	0	0	0	5	0	2	3	0	6	11	7	6	0	12	3	29	33	5	2	2	12	0	0	0	0	0	0	0	0	0	0	0	0	0	0	0
BacV5_Otu_000209	2	0	0	5	2	1	5	2	2	0	2	0	2	3	0	2	1	28	4	3	3	2	4	0	1	6	7	14	7	24	5	5	5	13	5	18	7	8	5	2
BacV5_Otu_000212	6	0	19	2	0	0	0	0	1	0	1	8	5	2	7	3	5	40	14	6	7	7	10	16	35	6	4	0	0	7	0	1	3	2	2	0	2	3	1	0
BacV5_Otu_000213	0	12	0	0	1	0	0	0	0	0	0	0	9	195	18	2	5	42	1	2	3	13	6	5	94	6	0	0	3	4	0	0	3	0	0	0	0	0	0	9
BacV5_Otu_000219	5	3	1	6	2	1	2	0	1	2	0	2	3	3	7	3	2	22	7	4	1	2	1	6	2	7	8	2	0	4	22	4	5	13	7	13	7	8	4	13
BacV5_Otu_000225	5	3	0	1	2	1	7	5	6	0	2	4	10	19	7	2	3	22	8	0	13	6	20	25	40	0	0	0	0	0	0	0	0	0	0	0	0	0	0	0
BacV5_Otu_000230	9	4	1	22	1	6	3	2	4	2	4	2	0	3	3	3	0	11	42	2	11	2	2	0	0	4	5	5	0	1	1	4	5	10	2	12	4	14	4	12
BacV5_Otu_000235	0	0	1	0	1	1	0	1	0	1	0	0	5	0	18	1	1	1	14	2	1	10	12	1	1	13	2	2	0	0	1	1	1	2	0	0	1	0	28	1
BacV5_Otu_000247	0	0	0	0	0	0	0	1	0	5	10	0	2	3	10	0	11	20	14	82	5	16	6	9	31	0	1	1	0	0	0	0	1	0	0	0	1	1	0	0
BacV5_Otu_000251	0	1	5	1	1	0	2	2	1	0	0	4	4	0	1	0	0	3	32	19	3	17	29	3	0	3	0	2	0	0	0	2	0	0	0	0	0	0	17	0
BacV5_Otu_000253	12	2	4	10	2	4	15	0	3	0	10	3	9	5	4	4	0	13	64	8	21	4	6	4	2	0	0	0	12	0	0	0	0	0	10	1	0	0	1	1
BacV5_Otu_000254	7	1	2	6	1	0	3	4	0	5	0	0	13	8	5	6	2	10	16	12	31	11	4	12	7	4	3	1	0	0	0	1	7	2	10	1	11	4	1	2
BacV5_Otu_000260	11	0	3	1	0	4	6	2	3	2	3	1	3	4	1	2	0	20	9	3	11	9	4	1	1	8	0	1	0	0	14	0	11	1	2	11	4	7	3	4
BacV5_Otu_000261	2	0	0	0	1	1	1	0	0	1	0	0	12	0	1	1	0	0	0	3	0	0	1	0	0	1	12	26	14	4	26	4	5	3	3	5	5	4	9	2
BacV5_Otu_000262	2	1	2	0	0	1	0	0	0	1	1	6	5	0	3	2	0	24	9	32	8	29	80	11	1	3	2	0	0	0	0	0	0	2	2	1	2	0	1	0
BacV5_Otu_000273	2	2	0	16	0	1	1	2	2	0	4	2	9	1	1	7	77	14	13	4	69	9	22	5	2	5	1	0	7	0	0	0	2	0	6	7	2	1	0	0
BacV5_Otu_000278	0	3	2	1	1	2	1	4	1	4	7	1	4	10	9	4	4	29	45	5	21	17	63	27	33	0	0	0	0	3	0	1	0	0	3	1	1	0	0	0
BacV5_Otu_000285	4	1	3	7	0	2	7	3	5	2	5	0	19	20	12	17	5	24	25	21	15	28	8	4	3	3	0	1	0	1	0	1	3	3	4	0	5	0	0	0
BacV5_Otu_000289	1	12	0	0	0	0	3	0	1	10	0	7	3	52	33	6	7	18	16	0	18	0	23	19	55	0	0	0	0	0	0	0	0	0	0	0	0	0	0	0
BacV5_Otu_000290	0	0	0	0	0	0	0	0	0	0	0	0	11	5	25	5	17	13	26	216	2	26	7	2	29	0	0	1	0	0	0	0	0	2	0	0	0	0	0	0
BacV5_Otu_000291	0	0	0	0	0	0	0	0	0	1	0	0	14	46	40	23	10	11	58	29	45	120	45	11	26	0	0	0	0	0	1	1	0	0	0	0	0	0	0	0
BacV5_Otu_000293	0	1	0	0	0	0	1	0	1	1	2	0	71	3	3	6	1	13	106	48	1	2	23	13	20	0	0	0	0	0	0	0	2	0	0	0	0	0	0	0
BacV5_Otu_000302	0	2	1	2	0	0	3	0	2	0	11	1	0	4	1	1	23	30	13	0	10	1	14	1	16	0	0	0	0	0	0	0	0	0	0	0	0	0	0	0
BacV5_Otu_000328	2	1	0	0	1	0	1	4	1	0	13	0	1	11	2	2	2	7	16	2	48	4	20	10	5	1	0	0	0	0	0	0	0	0	6	2	0	0	0	5
BacV5_Otu_000343	0	0	0	0	0	0	0	0	0	1	2	0	5	4	8	15	2	15	25	8	12	5	5	8	16	0	0	0	0	0	0	0	0	0	0	0	0	0	0	0
BacV5_Otu_000347	1	1	0	0	11	0	2	2	1	1	8	16	20	12	23	1	11	3	1	10	9	1	19	13	8	1	0	0	0	0	0	0	0	0	0	0	0	0	0	0
BacV5_Otu_000408	3	0	0	0	0	1	2	5	5	2	0	0	0	17	27	0	7	10	1	1	12	7	12	21	33	0	0	0	0	0	0	0	0	0	0	0	0	0	0	0
BacV5_Otu_000641	5	2	0	15	0	1	1	0	0	0	0	1	0	0	0	2	1	0	0	0	18	0	0	2	0	0	0	0	15	0	0	7	18	0	0	0	0	0	11	0
BacV5_Otu_000689	1	0	0	0	0	0	0	0	0	0	0	2	6	11	20	4	3	4	4	6	15	5	20	14	6	0	0	0	0	0	0	0	0	0	0	0	0	0	0	0
BacV5_Otu_000782	0	0	0	0	0	0	0	0	0	0	0	0	5	11	2	13	0	15	44	2	4	10	33	1	1	0	0	0	0	0	0	0	0	0	0	0	0	0	1	0
Ftrad_Otu_00001	268	625	1090	1649	617	226	2046	52	111	11518	77	726	271	445	645	238	202	48	329	418	341	265	506	49	95	3970	2712	13585	2633	5366	1597	4224	11034	25236	1133	999	6140	13726	9814	3595
Ftrad_Otu_00002	272	331	218	462	286	514	1770	17	108	174	374	1314	49	16	34	19	13	29	0	52	7	89	36	1	14	4781	1684	261	1461	898	4389	13195	2009	986	8889	4075	2821	1505	4262	890
Ftrad_Otu_00003	22	9	34	416	9	43	30	1	22	4	1	2	0	1	0	0	0	0	0	0	1	1	1	0	0	3626	1093	2274	255	65	3417	320	234	263	864	2733	5539	5128	989	6337
Ftrad_Otu_00004	282	224	173	694	629	328	225	17	107	520	37	464	20	30	16	12	12	14	4	14	19	14	6	13	30	1745	875	675	780	886	969	1408	1700	759	1121	2029	1960	1458	1955	1539
Ftrad_Otu_00005	497	297	219	1235	801	428	166	47	90	496	82	503	13	48	21	7	5	25	0	8	26	10	6	26	15	1812	1347	1686	590	1780	1691	2226	3009	1898	1650	1444	2761	2637	2329	1350
Ftrad_Otu_00006	0	8	2	5	4	0	52	2	2	1	0	0	0	8	0	0	0	0	0	0	0	0	0	0	0	1722	4636	2634	1784	1791	2435	3251	1671	4601	2301	2706	3562	894	1112	994
Ftrad_Otu_00007	802	414	161	999	223	266	546	24	105	8693	808	948	36	387	178	8	97	230	1	60	12	31	22	206	263	1	8	2	0	4	113	22	320	3	1	10	23	8	6	49
Ftrad_Otu_00008	0	0	0	0	0	0	0	0	0	0	0	0	0	0	0	0	0	0	0	0	0	0	0	0	0	1588	3895	2626	2483	1530	1973	3036	1948	4767	2274	2526	3772	952	1227	1125
Ftrad_Otu_00009	330	60	100	1126	203	4309	148	12	164	54	20	1093	39	99	11	50	13	112	0	43	15	30	13	70	67	22	7	0	4	0	74	9	6	8	5	0	4	48	9	36
Ftrad_Otu_00010	572	82	139	378	132	648	174	13	24	221	49	408	4	112	22	3	11	67	0	6	7	1	122	4	38	13	0	0	3	0	0	0	1	1	2	1	3	0	0	7
Ftrad_Otu_00011	5	388	71	81	156	82	37	4	1	862	19	47	11	49	18	17	5	24	4	69	19	19	12	23	27	205	138	614	72	2921	448	73	1170	615	30	83	243	112	170	3407
Ftrad_Otu_00012	107	123	116	590	320	139	143	15	50	141	37	158	5	8	5	9	3	3	0	0	14	1	1	1	5	1138	574	224	194	360	973	1067	671	314	991	690	1195	404	518	746
Ftrad_Otu_00013	185	220	187	207	254	409	685	6	70	111	41	352	5	8	4	2	7	11	11	23	16	15	1	10	1	484	798	538	275	119	670	650	442	180	247	490	4671	803	905	278
Ftrad_Otu_00014	112	69	53	432	132	2662	796	8	37	85	8	72	17	3	0	0	0	1	0	21	1	2	0	0	1	29	48	0	7	298	383	387	0	15	0	19	78	158	264	8
Ftrad_Otu_00015	125	173	38	613	57	13	113	0	0	1711	2093	1300	0	4	1	0	0	32	0	4	1	2	24	1	7	12	12	4	1	0	6	0	1086	3	0	13	10	27	24	0
Ftrad_Otu_00016	32	30	21	26	13516	6	478	3	29	11	15	8	0	0	0	0	0	0	0	0	0	0	0	0	0	0	6	0	0	0	7	12	10	0	0	9	0	69	0	0
Ftrad_Otu_00017	6	49	114	49	162	57	54	1	1	82	14	30	8	5	3	2	5	15	0	3	10	20	10	14	20	74	430	7	32	786	32	54	205	41	119	10	146	1834	664	18
Ftrad_Otu_00018	38	757	156	137	125	56	146	3	7	179	23	440	2	4	4	4	1	1	0	0	8	5	2	0	6	185	119	457	239	582	37	983	165	389	240	684	259	73	857	985
Ftrad_Otu_00019	8	16	4	39	17	284	3	2	10	2	0	4	1	0	0	1	4	0	8	0	6	2	0	0	0	0	1	0	10	4	31	26	4	0	0	0	8	3	7	23
Ftrad_Otu_00020	140	141	39	293	38	1187	146	2104	26	31	68	151	66	0	0	0	0	3	0	0	0	28	0	0	0	67	10	0	5	0	0	17	3	0	0	0	0	6	0	1
Ftrad_Otu_00021	12	81	23	291	29	112	181	15	11	59	10	88	4	23	21	1	1	19	0	1	6	0	62	3	12	195	50	0	12	140	243	123	365	69	409	178	646	65	46	276
Ftrad_Otu_00022	6	6	276	10	48	6	167	0	8	3	0	5	9	2	9	0	0	3	0	2	0	4	0	0	0	56	695	26	724	20	130	22	741	60	50	362	353	971	130	773
Ftrad_Otu_00023	5	21	22	14	29	4	199	1	6	17	0	141	3	1	1	6	3	1	0	0	1	8	0	0	0	50	145	18	284	267	26	3790	62	10	140	86	384	440	967	9
Ftrad_Otu_00024	9	15	11	1126	18	1229	15	0	8	9	5	13	0	2	0	0	1	1	0	0	0	3	0	0	0	20	0	2	5	0	12	0	10	11	0	5	23	145	0	102
Ftrad_Otu_00025	0	0	62	21	1	70	1	25	0	1	0	14	0	0	2	0	0	2	0	21	0	0	0	0	0	1	0	5	0	8	0	4	4	1557	4	3	198	3	0	2
Ftrad_Otu_00026	2	9	7	31	9	9	3	1	4	491	8	25	40	3	0	0	0	1	7	33	2	3	1	2	6	42	34	199	66	400	189	128	119	9	46	17	16	5	365	7
Ftrad_Otu_00027	42	968	2	12	4	8	11	0	0	0	0	16	3	15	0	0	0	0	0	0	0	8	0	1	0	0	0	0	0	0	0	0	0	30	0	0	0	0	7	2
Ftrad_Otu_00028	13	21	19	205	3188	340	139	1	308	3	0	17	0	4	1	0	1	0	0	2	0	0	6	2	0	57	6	4	0	0	28	158	0	7	9	13	1	17	0	1
Ftrad_Otu_00029	117	121	94	142	104	46	27	21	17	37	33	49	1	1	1	0	1	1	0	0	5	0	0	0	1	33	11	12	31	32	126	89	113	33	45	41	83	64	28	22
Ftrad_Otu_00030	0	42	27	80	5	44	11	0	5	52	4	24	1	2	0	1	1	0	0	0	2	3	0	3	3	156	119	35	31	99	44	167	566	52	5	205	476	230	229	374
Ftrad_Otu_00031	37	31	37	161	87	39	30	7	11	204	5	68	2	11	3	2	1	10	1	4	5	2	2	4	2	89	0	27	12	5	0	90	34	37	25	23	37	21	39	36
Ftrad_Otu_00032	1	38	6	28	4	99	7	0	0	36	1	244	6	16	2	0	1	1	0	1	3	1	0	4	3	503	42	22	11	9	392	84	161	81	771	654	989	70	64	1996
Ftrad_Otu_00033	0	2	42	2	65	253	26	0	42	290	0	0	0	1	1	0	0	0	0	0	2	4	0	0	0	10	402	5	0	0	4	1	4	0	11	6	102	1890	5	1187
Ftrad_Otu_00034	16	36	52	73	36	28	15	0	4	47	6	47	1	1	0	2	0	0	0	0	16	3	0	1	4	0	73	0	4	30	14	47	19	27	19	9	10	71	41	63
Ftrad_Otu_00035	70	105	22	109	12	20	45	0	5	0	4	7	0	1	0	0	0	0	0	0	0	0	4	0	0	0	0	0	0	0	17	15	0	0	12	0	4	7	0	3
Ftrad_Otu_00036	58	26	28	53	59	35	76	3	4	202	66	78	7	10	8	4	2	1	2	2	6	9	4	5	4	86	38	86	6	91	24	119	156	19	36	1427	26	6	513	54
Ftrad_Otu_00037	21	7	9	40	32	11	10	0	8	26	4	8	0	1	2	1	2	0	1	1	0	2	0	0	0	50	39	230	9	54	37	71	73	52	104	936	212	115	231	180
Ftrad_Otu_00038	52	67	33	159	46	54	29	26	4	1	7	38	0	1	0	1	0	0	2	2	0	2	0	1	21	399	11	34	0	0	1	20	44	80	109	19	30	57	17	23
Ftrad_Otu_00039	0	19	0	9	7	2	25	0	0	1	0	3	0	4	0	1	0	1	0	0	0	2	0	0	0	15	12	17	45	9	19	46	33	28	54	398	69	25	70	7
Ftrad_Otu_00040	7	31	12	60	2	14	12	0	10	69	0	9	0	0	1	3	1	0	0	0	0	2	0	1	1	7	0	5	0	0	0	0	0	87	1	2	12	24	0	2
Ftrad_Otu_00041	11	11	16	28	4	4	6	0	176	2	1	13	0	1	0	0	0	0	0	1	0	0	0	0	0	0	0	1	0	2	0	1	0	1	0	1	3	21	0	0
Ftrad_Otu_00042	5	28	4	51	28	78	31	0	2	7	5	15	0	0	0	0	0	0	0	0	1	1	1	0	0	104	15	27	25	6	106	292	225	7	43	252	86	151	107	37
Ftrad_Otu_00043	0	0	1	0	13	1	28	0	0	3	0	0	2	0	4	0	0	0	0	0	0	10	0	0	0	119	18	12	4	49	16	382	44	19	34	82	261	16	77	16
Ftrad_Otu_00044	8	1	6	6	8	2	1	1	3	6	2	18	0	0	0	0	0	0	0	1	2	0	1	1	0	28	0	1	0	0	31	279	0	0	1	93	1	3	0	0
Ftrad_Otu_00045	24	25	3	56	25	14	12	8	3	2	1	22	0	0	0	2	0	0	0	0	0	1	0	0	1	23	8	4	15	0	2	98	26	30	398	9	5	80	9	19
Ftrad_Otu_00047	0	11	16	45	99	30	13	0	35	10	5	70	0	0	0	0	0	0	0	0	0	0	0	0	0	1	3	325	40	6	5	104	20	19	3	111	59	4	196	3
Ftrad_Otu_00048	19	25	21	133	61	47	41	2	15	4	7	65	1	0	3	0	0	0	0	1	0	0	0	0	1	76	24	25	7	1	0	108	68	21	0	18	37	139	90	4
Ftrad_Otu_00049	15	8	12	33	4	7	1	0	0	17	23	4	1	33	5	4	6	29	1	6	19	5	9	12	14	40	25	89	49	56	118	138	322	46	167	261	62	144	48	43
Ftrad_Otu_00050	0	3	5	13	3	0	2	2	1	0	0	1	0	1	0	0	0	0	0	0	0	1	0	0	0	1188	56	0	16	0	12	3	0	5	0	2	7	31	0	3
Ftrad_Otu_00051	4	2	10	2	19	6	15	0	0	30	3	16	0	2	0	1	0	0	1	2	1	1	0	0	1	174	49	5	165	18	14	5	48	0	0	2	0	0	32	4
Ftrad_Otu_00052	257	244	50	256	65	57	12	32	40	30	65	54	2	28	2	3	2	8	0	0	2	1	0	12	2	0	0	0	0	0	0	0	0	0	0	4	0	11	0	5
Ftrad_Otu_00054	7	5	15	173	1	4	4	0	3	24	15	6	1	3	1	1	0	2	0	0	0	0	3	1	1	185	3	33	101	19	58	49	364	157	89	80	78	55	14	18
Ftrad_Otu_00055	20	39	36	94	57	42	23	0	11	451	1	68	8	32	5	0	3	4	0	5	13	1	1	16	14	0	0	0	0	0	0	0	0	0	13	0	3	13	7	0
Ftrad_Otu_00056	75	61	4	25	43	78	12	14	5	28	35	18	1	0	1	0	0	0	0	0	0	0	0	0	0	37	70	0	10	7	0	10	0	15	29	62	22	1	2	4
Ftrad_Otu_00057	67	10	7	20	17	28	12	6	14	27	14	47	0	0	0	0	0	0	0	1	2	1	0	0	2	100	22	12	16	3	11	17	2	7	68	21	104	136	6	16
Ftrad_Otu_00058	14	33	148	53	36	21	470	0	31	3	1	9	0	0	0	0	0	0	0	0	2	0	0	0	0	19	0	0	2	14	8	18	15	0	94	19	238	3	40	0
Ftrad_Otu_00059	22	6	10	44	5	3	1	0	3	0	0	3	0	0	0	0	0	0	0	0	0	0	0	0	0	15	9	23	16	13	0	3	0	0	18	0	21	1	1	21
Ftrad_Otu_00060	35	15	15	65	40	27	6	1	5	17	10	38	0	1	1	0	0	0	1	1	0	1	1	0	1	72	16	1	5	12	15	69	94	23	3	14	36	84	88	37
Ftrad_Otu_00061	1	0	0	10	3	4	1	0	0	56	4	0	1	0	3	10	1	0	3	1	4	2	7	1	5	19	9	0	0	5	0	1	13	0	10	17	24	1	8	4
Ftrad_Otu_00062	0	0	0	9	0	0	0	0	0	42	0	0	250	12	19	49	10	4	4	7	63	245	18	2	67	0	0	0	0	16	0	0	0	0	0	4	1	0	0	0
Ftrad_Otu_00064	0	0	0	0	0	0	1	0	0	0	0	0	0	0	0	0	0	0	0	0	0	0	0	0	0	16	22	47	21	11	40	18	12	11	15	49	21	27	5	8
Ftrad_Otu_00066	26	34	32	70	32	105	67	2	10	121	6	88	0	0	0	4	0	0	0	2	2	1	0	0	22	0	0	0	0	0	5	0	0	0	0	11	0	0	2	0
Ftrad_Otu_00067	21	10	15	173	5	35	0	2	3	46	4	50	2	0	0	0	1	0	0	0	1	0	1	0	0	0	0	0	0	0	0	20	0	7	0	6	0	6	0	9
Ftrad_Otu_00070	0	5	0	60	0	2	215	0	0	7	0	0	0	1	0	1	0	0	1	0	0	1	0	0	0	0	0	0	0	0	12	14	0	0	0	21	3	0	0	0
Ftrad_Otu_00071	15	24	36	34	32	64	168	0	9	5	2	12	0	0	0	0	0	0	0	0	0	0	0	0	0	12	0	0	11	2	6	55	1	6	0	7	3	53	77	2
Ftrad_Otu_00072	0	0	0	0	10	0	0	0	0	7	0	5	0	1	1	1	0	0	0	1	13	0	1	0	0	41	10	13	24	0	0	4	28	25	4	11	0	9	97	39
Ftrad_Otu_00075	0	0	25	140	64	25	0	0	0	68	0	0	0	4	0	0	1	2	0	0	2	0	1	0	4	10	95	0	78	101	0	123	104	0	100	360	8	92	5	25
Ftrad_Otu_00076	47	14	27	27	16	10	15	14	23	39	17	17	0	2	0	0	0	1	1	0	9	0	0	1	4	9	0	0	6	0	61	7	0	15	1	1	41	1	4	1
Ftrad_Otu_00079	11	16	12	19	1	19	6	6	13	0	0	0	0	0	0	1	0	0	0	2	1	4	0	18	2	0	0	0	0	0	0	0	0	0	0	0	0	2	0	0
Ftrad_Otu_00080	5	6	8	12	11	0	4	0	0	3	0	8	0	0	0	0	0	1	0	0	0	0	0	0	0	40	41	9	7	32	2	21	19	14	9	36	19	8	23	49
Ftrad_Otu_00082	24	9	1	135	27	13	5	3	5	20	1	10	9	1	0	0	0	0	0	0	0	0	0	1	0	64	529	29	0	0	3	4	4	5	9	0	2	4	8	19
Ftrad_Otu_00086	13	24	3	26	609	5	0	5	0	20	0	0	0	2	0	0	1	0	0	1	4	0	0	1	2	0	0	0	0	0	0	0	0	0	0	0	0	0	0	0
Ftrad_Otu_00087	0	0	0	15	0	1	0	0	0	17	0	0	0	0	0	2	4	0	0	0	0	0	0	0	0	11	0	36	0	0	0	4	28	0	0	132	7	3	9	3
Ftrad_Otu_00088	0	1	30	9	0	5	42	0	2	0	0	31	0	0	0	0	0	0	0	2	0	1	0	0	0	3	34	0	30	8	0	25	7	3	140	9	11	11	20	2
Ftrad_Otu_00090	0	0	0	0	0	1	1	1	0	1	0	3	2	5	1	0	3	2	0	0	2	1	2	4	3	0	0	6	8	19	0	14	21	2	4	13	1	15	6	4
Ftrad_Otu_00091	0	0	0	0	0	0	0	0	0	6	0	0	0	0	0	1	0	0	0	0	0	0	0	0	1	133	77	11	16	50	91	69	76	150	86	59	145	95	22	29
Ftrad_Otu_00092	5	23	17	70	51	25	26	0	7	1	2	6	2	0	0	0	0	0	0	0	0	0	0	1	0	6	0	4	53	0	18	19	59	7	22	28	86	4	12	2
Ftrad_Otu_00093	5	0	1	3	8	2	1	1	3	6	3	12	2	0	0	0	0	0	0	1	0	0	0	0	0	4	10	35	30	15	26	39	8	2	39	4	16	6	40	5
Ftrad_Otu_00095	21	0	15	9	15	1	49	0	0	0	1	12	0	0	1	0	0	0	0	0	0	0	0	0	0	15	3	3	0	0	0	228	10	5	5	15	1	2	0	16
Ftrad_Otu_00096	39	142	121	27	337	11	116	0	21	0	0	199	0	2	0	0	0	0	0	0	0	0	0	0	0	0	0	0	0	0	0	6	35	5	0	0	187	143	24	8
Ftrad_Otu_00098	14	11	0	31	2	20	3	6	0	0	30	0	0	0	0	0	0	0	0	0	0	0	0	0	0	0	0	0	0	0	0	0	0	0	0	0	0	0	0	0
Ftrad_Otu_00099	1	11	4	43	28	5	4	0	0	22	0	12	2	0	1	0	0	0	0	0	2	0	0	2	0	32	9	30	0	6	6	13	53	21	7	62	38	84	38	15
Ftrad_Otu_00101	4	27	0	28	49	17	7	0	7	0	1	25	0	0	0	0	0	0	0	0	1	0	0	0	0	30	0	13	56	46	20	7	99	10	17	39	6	5	213	8
Ftrad_Otu_00106	18	14	6	40	8	5	4	6	1	62	3	0	1	4	0	2	2	2	1	1	2	5	2	3	2	8	5	0	0	0	2	0	13	0	11	6	7	0	0	1
Ftrad_Otu_00107	2	14	3	31	7	6	4	0	0	7	1	5	0	0	0	0	0	0	0	0	1	0	0	0	0	0	0	0	0	0	13	11	11	0	3	5	19	3	1	1
Ftrad_Otu_00108	54	107	20	153	67	27	6	1	15	17	51	36	0	0	1	0	0	1	0	0	0	0	0	0	1	2	0	0	0	0	0	0	5	12	0	15	2	5	5	0
Ftrad_Otu_00109	15	8	24	14	2	25	5	1	0	24	2	13	0	2	0	0	0	0	0	0	0	0	0	0	0	4	0	0	0	23	39	32	52	38	69	33	25	16	10	15
Ftrad_Otu_00110	11	35	37	19	0	5	1	0	3	24	0	7	0	1	0	0	1	0	0	0	1	0	0	0	0	2	0	0	0	0	0	0	0	0	0	0	1	0	0	0
Ftrad_Otu_00111	11	6	4	49	7	13	6	5	6	12	11	5	0	1	0	0	1	2	0	0	1	0	1	0	3	41	7	0	8	15	15	0	9	5	0	47	1	0	1	1
Ftrad_Otu_00112	0	33	4	24	0	2	7	0	0	1	0	2	0	0	0	0	0	2	0	0	0	0	0	0	1	49	0	14	7	15	0	6	15	29	10	732	9	235	0	11
Ftrad_Otu_00113	0	0	0	0	0	0	1	0	0	3	0	0	0	0	0	0	0	0	0	0	0	0	0	0	0	61	52	22	69	19	89	29	142	50	10	102	56	136	13	18
Ftrad_Otu_00114	18	4	7	20	34	12	2	0	0	12	4	9	0	3	0	1	0	0	0	0	0	0	0	1	0	66	0	10	2	2	0	29	46	2	31	46	8	4	15	39
Ftrad_Otu_00122	12	11	42	27	3	11	2	1	0	133	3	20	1	11	2	1	1	3	0	1	0	0	1	4	0	57	9	2	14	11	0	0	0	0	2	6	5	44	2	8
Ftrad_Otu_00125	11	3	59	20	14	12	0	1	8	45	3	11	2	24	0	4	0	68	2	2	17	18	2	4	14	33	0	0	0	0	0	0	0	1	0	0	11	0	0	1
Ftrad_Otu_00128	2	2	0	5	0	1	2	0	0	7	0	3	1	1	0	0	0	0	0	0	0	1	0	0	1	0	0	16	0	13	12	8	17	3	9	14	9	8	34	3
Ftrad_Otu_00129	16	20	10	14	28	15	11	1	6	3	0	17	0	0	0	0	3	0	0	0	0	1	0	0	0	60	12	0	0	0	0	3	18	17	0	46	15	5	47	11
Ftrad_Otu_00130	2	8	3	78	18	16	14	0	0	1	0	7	0	0	0	0	0	1	0	0	0	0	0	0	0	0	0	23	5	0	0	32	10	2	2	36	4	16	11	2
Ftrad_Otu_00131	1	0	10	0	0	0	0	0	0	1	0	2	1	0	0	0	0	0	0	0	0	0	0	0	0	8	14	10	3	16	64	86	36	10	38	19	13	9	49	3
Ftrad_Otu_00132	0	1	0	0	1	0	0	0	0	0	0	2	0	2	0	2	0	0	0	0	6	0	2	0	1	98	15	1	0	18	8	16	53	7	18	19	72	0	2	14
Ftrad_Otu_00133	11	1	0	17	5	2	0	0	1	22	3	6	1	0	0	0	0	3	0	0	3	0	0	0	0	0	4	0	0	0	0	0	0	71	0	0	16	0	0	36
Ftrad_Otu_00134	3	0	0	1	0	0	0	3	0	2	3	0	0	0	0	0	0	0	0	0	0	0	0	0	0	6	7	8	4	0	55	4	22	2	35	8	8	16	21	6
Ftrad_Otu_00135	1	46	2	17	14	2	25	0	0	2	7	13	0	2	0	1	0	0	0	0	0	1	0	0	0	0	0	0	0	0	0	6	0	5	0	9	10	0	2	0
Ftrad_Otu_00136	0	1	6	16	9	3	1	0	0	6	3	11	1	0	0	0	0	0	0	0	0	0	0	0	0	44	3	9	10	29	0	8	0	19	19	25	39	36	9	9
Ftrad_Otu_00145	51	63	10	303	26	28	26	0	12	2	36	28	0	0	1	0	0	0	0	0	0	0	0	0	0	0	0	0	0	0	0	0	1	10	0	0	3	0	2	1
Ftrad_Otu_00151	10	6	1	31	15	6	1	3	1	8	2	1	2	28	2	1	2	4	0	5	10	4	2	14	4	3	0	10	4	9	0	0	20	13	3	3	5	5	1	4
Ftrad_Otu_00152	28	3	3	0	33	9	4	1	1	3	0	8	0	0	0	0	0	0	0	0	0	1	0	1	0	11	0	0	0	17	0	0	0	7	0	2	4	23	0	1
Ftrad_Otu_00153	0	0	0	0	0	0	0	0	0	0	0	0	0	0	0	0	0	0	0	0	0	0	0	0	0	0	0	0	0	0	44	5	182	26	146	40	3	1	0	3
Ftrad_Otu_00154	0	0	0	0	0	0	0	0	0	0	0	0	0	0	0	0	0	0	0	0	0	0	0	0	0	43	43	24	39	14	56	77	13	10	23	151	37	16	4	14
Ftrad_Otu_00158	7	3	14	24	17	5	2	1	0	4	0	19	0	0	0	1	0	1	0	0	0	0	0	0	1	4	5	0	5	5	11	15	6	6	29	1	5	10	26	1
Ftrad_Otu_00159	1	1	0	5	0	2	2	0	0	1	0	0	0	3	0	0	0	3	0	0	0	0	0	0	0	15	0	0	0	13	16	31	34	0	32	3	40	0	16	5
Ftrad_Otu_00163	23	13	23	18	14	14	8	21	27	10	42	22	0	0	0	0	0	0	0	1	2	0	0	0	0	9	2	18	0	0	17	0	0	10	3	35	6	11	0	2
Ftrad_Otu_00164	19	3	10	1	2	1	3	7	6	11	8	6	0	0	0	0	0	0	0	0	4	0	0	0	0	12	0	0	0	0	0	18	0	0	0	17	0	3	0	2
Ftrad_Otu_00167	0	1	0	17	6	1	0	0	1	4	1	6	0	0	0	0	0	0	0	1	0	0	0	0	0	14	5	23	7	0	0	7	0	3	8	1	24	14	3	5
Ftrad_Otu_00174	0	5	1	3	0	2	1	0	2	1	5	0	0	0	0	0	0	0	0	0	0	0	0	0	0	18	0	16	35	0	0	0	0	16	9	0	8	4	22	8
Ftrad_Otu_00176	0	0	1	2	1	0	0	0	0	0	0	1	0	0	0	0	0	0	0	0	0	0	0	0	0	40	4	9	7	27	10	4	8	1	2	20	5	15	15	10
Ftrad_Otu_00177	4	3	1	14	6	2	0	1	0	250	2	7	0	1	0	0	0	2	0	0	1	0	0	2	0	43	0	0	0	6	0	0	2	0	0	22	17	5	0	3
Ftrad_Otu_00185	17	13	23	6	8	20	12	15	15	22	20	23	1	0	0	0	0	3	0	0	1	0	0	1	0	1	0	0	15	0	0	0	17	10	0	10	9	1	0	0
Ftrad_Otu_00187	0	0	0	0	0	5	0	0	0	0	4	0	0	0	0	0	1	0	0	0	0	0	0	0	0	6	2	69	8	0	4	0	295	30	23	76	44	9	152	4
Ftrad_Otu_00190	105	2	13	6	1	0	0	0	0	0	2	1	0	0	0	0	0	0	0	0	0	0	0	0	0	75	12	0	8	0	72	14	56	0	5	8	18	6	0	6
Ftrad_Otu_00203	5	3	0	34	0	1	0	1	1	2	2	0	0	0	0	0	0	0	0	0	0	0	0	0	0	4	11	3	0	0	0	0	14	116	14	6	5	0	0	20
Ftrad_Otu_00213	1	9	3	19	17	4	0	0	5	16	1	9	0	0	0	0	1	0	0	0	0	0	0	0	0	0	0	0	0	0	0	0	14	0	0	0	6	5	15	1
Ftrad_Otu_00215	4	6	1	22	10	5	1	1	4	4	18	4	0	0	0	0	0	0	0	0	0	0	0	0	0	9	19	16	5	4	3	15	36	12	20	7	10	18	4	12
Ftrad_Otu_00216	10	6	13	59	30	17	1	0	0	2	0	14	0	0	0	0	0	0	0	0	0	0	0	0	0	16	0	0	9	3	0	3	0	11	7	19	33	36	45	8
Ftrad_Otu_00222	11	7	7	8	29	14	10	10	8	31	12	10	1	0	0	0	2	4	0	1	0	0	0	0	1	0	0	0	0	0	0	0	0	0	0	85	0	0	8	0
Ftrad_Otu_00229	0	0	0	0	0	0	0	0	0	0	0	0	0	0	0	0	0	0	0	0	0	0	0	0	0	0	0	1	0	59	23	27	5	21	404	4	46	19	0	2
Ftrad_Otu_00235	0	0	0	121	75	41	81	0	0	66	0	0	0	0	0	24	12	0	0	0	0	0	0	0	0	0	0	0	0	0	0	0	0	0	0	0	0	0	0	0
Ftrad_Otu_00256	0	0	0	0	2	0	0	0	0	0	0	0	0	0	0	0	0	0	0	0	0	0	0	0	0	17	13	11	3	0	0	0	41	16	0	66	2	12	0	5
Ftrad_Otu_00260	0	6	0	0	0	0	0	0	0	8	0	0	0	1	0	0	0	0	0	0	0	0	0	1	0	0	0	0	0	0	0	24	0	28	0	130	0	12	0	24
Ftrad_Otu_00262	2	0	1	19	11	0	2	1	0	2	0	11	0	0	0	0	0	1	0	0	0	0	0	0	0	0	0	0	2	4	0	0	4	24	0	14	5	0	0	0
Ftrad_Otu_00300	14	19	7	62	9	12	9	1	3	0	11	19	0	0	0	0	0	0	0	0	0	0	0	0	0	0	0	0	0	0	0	0	0	4	0	0	0	0	0	0
Ftrad_Otu_00311	31	12	4	59	10	35	7	2	4	0	13	6	0	0	0	0	0	0	0	0	0	0	0	0	0	0	0	0	0	5	0	0	0	0	0	0	0	0	0	0
Ftrad_Otu_00330	7	4	2	2	0	3	2	6	8	17	3	2	3	29	5	12	0	8	0	6	13	6	4	8	16	0	0	0	0	0	0	0	0	0	0	0	0	0	0	0
Ftrad_Otu_00338	1	0	2	0	0	1	0	0	0	0	0	0	0	0	0	0	0	0	0	0	0	0	0	0	0	8	0	12	78	0	0	1	0	15	94	14	36	4	1	7
Ftrad_Otu_00345	13	11	12	124	9	16	4	2	4	1	14	7	0	1	0	0	0	0	0	0	0	1	0	0	2	0	1	1	0	39	1	3	0	5	3	0	1	2	2	4
Ftrad_Otu_00346	6	5	11	0	3	0	0	3	8	3	5	3	0	0	0	0	0	1	0	1	0	0	0	0	0	4	0	0	0	0	0	0	21	13	1	12	11	6	0	0
Ftrad_Otu_00353	0	0	0	0	0	0	0	0	0	0	0	0	0	0	0	0	0	0	0	0	0	0	0	0	0	4	15	6	0	5	0	0	18	6	15	10	7	16	3	12
Ftrad_Otu_00534	0	0	0	0	0	0	0	0	0	0	0	0	0	0	0	0	0	0	0	0	0	0	0	0	0	0	0	11	0	10	0	0	14	20	0	14	3	30	7	1
Otrad_Otu_00001	15473	20486	12275	12634	12386	10756	12344	6022	12146	4	1454	14630	400	252	219	200	319	456	212	242	407	364	515	2035	618	3143	752	1114	260	1330	708	456	932	2301	1257	709	919	968	854	18896
Otrad_Otu_00002	8	0	3	866	213	200	130	54	514	2	1674	1	69	0	0	2	2	0	16	53	1	3	0	0	0	364	63	760	16555	834	459	323	0	353	540	339	152	77	122	163
Otrad_Otu_00003	1	1	3	454	110	285	327	18	11	0	1108	0	16	0	1	13	10	1	47	27	112	41	0	1	1	1635	1114	206	706	308	10	138	703	666	2559	101	1608	119	507	578
Otrad_Otu_00005	0	0	1	0	13	0	0	0	8	0	43	0	0	0	0	1	0	0	1	0	0	0	0	0	0	0	0	0	0	0	250	660	0	31	0	1	0	0	534	241
Otrad_Otu_00008	0	0	0	2	0	5	1	0	0	0	25	0	13	0	1	3	0	0	16	0	157	23	0	2	1	111	324	0	37	0	0	0	0	0	0	104	0	1	0	74
Otrad_Otu_00011	0	0	0	21	19	5	10	2	0	0	138	0	0	0	0	2	1	0	2	0	1	0	0	0	0	0	0	0	0	3997	15	10	547	111	4394	980	79	143	79	49
Otrad_Otu_00024	92	159	61	61	68	51	63	42	81	0	3	90	1	1	2	1	0	3	0	1	1	2	5	14	2	0	0	1	0	0	0	0	0	0	0	0	0	0	121	60
Otrad_Otu_00030	0	1	0	85	7	3	21	1	1	0	9	0	1	0	0	0	0	0	128	2	12	1	0	0	0	64	0	56	95	0	0	13	0	0	0	124	0	112	0	346
Otrad_Otu_00033	0	0	0	12	1	0	1	0	1	0	16	0	0	0	0	0	0	0	5	0	0	0	0	0	0	0	0	256	130	0	0	0	0	0	0	0	37	0	0	53
Otrad_Otu_00042	2	1	0	5	1	10	29	2	1	0	42	0	0	0	3	1	0	0	6	1	1	2	0	0	0	0	0	0	0	0	0	8	579	0	0	0	59	80	74	1