ID	S41	S42	S44	S45	S46	S47	S48	S49	S50	S51	S52	S149	S150	S151	S152	S153	S154	S155	S156	S157	S158	S159	S160	S161	S162	S179	S180	S181	S182	S183	S184	S185	S186	S187	S188	S189	S190	S191	S192	S193	S194	S257
BacV5_Otu_000002	582	825	2449	1458	408	100	775	308	164	350	196	26	38	714	121	140	5	84	1771	1203	431	50	361	180	2128	769	4121	237	333	27	1228	1024	1482	447	761	180	330	322	152	542	561	3868
BacV5_Otu_000003	333	523	3137	2139	398	102	561	1637	435	1018	687	445	328	897	1134	846	32	521	577	639	689	906	1144	1084	753	3776	1798	1823	361	1847	8026	980	2153	1530	1227	1121	1622	1013	84	471	2439	1658
BacV5_Otu_000004	377	1306	834	1217	2140	6857	449	883	1547	3058	693	28	0	15	48	24	1	62	256	60	50	43	25	2192	41	225	1213	219	69	267	472	114	1493	364	117	97	172	3628	187	718	709	25
BacV5_Otu_000005	37	172	759	2212	359	360	1241	355	864	2033	604	1297	132	205	226	440	13	98	2019	601	327	308	150	1649	1298	5734	3368	2657	708	719	4639	4018	1003	1571	1094	62	1956	299	305	469	1118	600
BacV5_Otu_000006	0	27	1	3	12	6	2	1	6	7	0	0	0	0	0	0	0	0	0	0	2	1	0	4	1	70	71	145	74	34	7	27	34	401	145	373	207	500	123	477	247	5
BacV5_Otu_000007	219	473	359	126	138	57	258	124	69	135	538	43	14	112	490	156	4	145	1188	436	273	179	142	249	1844	834	327	212	436	163	236	714	916	900	602	157	1214	83	25	162	128	147
BacV5_Otu_000008	6	18	19	15	65	120	16	26	224	414	36	728	13	92	5	38	15	283	18	50	2	10	1	13	9	147	139	770	166	63	120	56	64	95	74	76	59	135	36819	70	68	4
BacV5_Otu_000009	6	1076	13	334	77	46	50	6	31	50	10	17009	23328	1553	146	3992	18064	3652	475	205	73	157	10	225	227	21	34	62	42	10	2	3	6	42	4	8	19	52	6	28	15	120
BacV5_Otu_000010	36	169	687	262	167	440	324	237	153	307	131	99	13	202	644	18	4	116	217	833	155	25	129	407	1937	3490	100	153	1205	4705	463	487	61	92	241	141	125	147	18	90	231	432
BacV5_Otu_000011	77	543	199	381	694	1440	128	197	653	1295	271	81	15	44	5	71	5	712	69	16	5	6	38	429	120	79	84	84	37	37	72	176	86	43	28	17	43	347	19	52	151	7
BacV5_Otu_000012	21	5	25	36	70	275	22	29	24	36	17	4	1	8	16	42	0	3	21	4	24	31	13	102	35	269	712	249	129	72	94	59	198	287	185	497	220	795	150	468	308	12
BacV5_Otu_000013	23	164	219	60	311	330	80	36	78	137	69	168	3	15	58	49	1	20	758	89	71	23	43	1109	541	992	1117	283	93	168	465	385	1869	384	154	111	88	1689	121	273	405	310
BacV5_Otu_000014	23	119	169	17	164	119	107	47	54	105	102	33	4	46	73	26	0	18	217	246	70	10	19	727	133	968	317	78	291	89	917	143	1006	66	72	10	129	560	36	364	67	122
BacV5_Otu_000015	10	211	169	11	12	40	48	80	31	80	166	7	1	16	1	8	1	51	87	273	13	2	13	22	168	468	175	167	124	21	87	121	358	356	167	440	119	38	13	200	57	11
BacV5_Otu_000016	170	42	25	33	318	100	5	2	74	155	22	118	9	13	54	333	3	77	67	25	33	55	25	715	24	475	141	53	229	119	197	394	78	7	86	12	16	27	640	1772	40	182
BacV5_Otu_000017	1	23	56	17	1423	136	6	1	14	15	44	446	26	69	2058	121	16	41	3927	665	112	47	1644	711	147	119	274	145	98	50	299	20	167	61	161	59	29	134	62	1459	146	2084
BacV5_Otu_000022	4	66	14	32	16	59	31	31	19	34	13	361	3	66	497	128	6	34	264	43	141	34	120	686	186	29	102	117	3	6	895	77	169	122	3	59	12	248	25	158	121	282
BacV5_Otu_000025	35	13	13	13	13	30	16	12	36	76	43	1	0	0	3	4	0	16	10	59	5	1	6	17	8	302	126	2	161	13	145	470	22	71	10	11	242	18	4	76	23	0
BacV5_Otu_000027	18	44	33	88	160	283	27	39	135	237	25	3	0	0	6	0	0	5	9	5	0	3	0	160	2	36	85	53	36	36	94	30	63	23	9	13	15	317	30	96	90	0
BacV5_Otu_000028	69	70	40	1	2	4	10	65	5	10	7	8	0	72	120	1	0	523	7	78	95	6	42	13	151	0	0	65	1	27	4	814	6	270	4	383	857	9	0	0	0	93
BacV5_Otu_000030	70	137	99	165	265	1395	45	125	195	316	94	1	0	0	1	6	0	6	16	1	0	2	0	231	5	11	29	49	2	6	21	3	98	15	2	8	2	349	8	68	191	3
BacV5_Otu_000031	1	2	214	21	21	10	7	33	13	26	23	0	1	16	14	8	3	4	47	496	62	3	24	5	30	107	99	37	7	0	83	17	577	39	4	12	43	165	11	97	32	396
BacV5_Otu_000033	7	33	136	22	691	113	12	14	31	69	16	15	3	1	5	4	0	9	147	11	3	3	1	196	24	26	56	53	18	31	28	23	75	35	15	16	39	116	40	63	163	2
BacV5_Otu_000034	43	108	82	76	242	613	32	92	138	294	41	4	0	1	3	7	0	5	58	8	3	5	4	281	9	73	189	36	4	18	114	15	302	64	18	36	12	1611	45	143	205	4
BacV5_Otu_000036	0	5	156	8	43	3	14	73	1	17	59	1	0	2	1	0	0	0	1	359	7	5	3	0	3	56	197	56	23	4	11	56	165	19	37	7	28	29	2	22	6	247
BacV5_Otu_000037	14	17	139	5	15	23	11	1	6	15	19	1	1	1	38	1	0	18	2	7	6	0	2	5	11	31	65	39	443	0	2	75	0	1	0	4	3	0	15	12	1	1
BacV5_Otu_000039	0	8	0	27	33	27	0	8	4	18	16	153	10	16	257	209	2	16	17	43	67	65	80	53	46	308	458	41	0	14	73	78	168	5	37	5	3	127	23	182	28	2
BacV5_Otu_000040	9	32	40	30	125	252	9	34	29	57	24	1	0	0	1	1	0	0	17	1	0	1	0	39	0	25	131	27	25	39	42	26	112	32	11	22	33	265	20	43	32	0
BacV5_Otu_000041	10	10	45	28	129	156	18	23	26	53	9	3	0	1	2	2	0	0	65	6	0	0	2	103	9	55	160	30	28	47	62	38	118	104	33	39	41	417	40	61	186	2
BacV5_Otu_000043	22	59	44	62	140	298	20	38	75	177	67	1	0	3	1	2	0	0	9	3	0	13	2	213	4	9	87	13	5	16	37	16	125	37	11	5	16	116	23	64	39	1
BacV5_Otu_000045	4	57	44	36	60	627	7	36	80	128	12	0	0	2	5	0	1	34	3	0	3	0	0	80	4	64	90	87	76	10	10	13	26	15	19	7	2	166	6	33	39	0
BacV5_Otu_000046	1	127	5	2	0	47	1	0	27	34	4	1	0	0	0	1	0	7	2	0	0	0	0	6	0	0	12	22	1	2	2	0	5	1	0	0	0	28	0	0	5	0
BacV5_Otu_000048	72	62	73	48	131	728	60	66	50	117	26	2	0	1	4	2	0	0	7	6	3	15	0	68	1	213	127	74	295	169	322	124	41	401	156	221	43	498	200	250	389	1
BacV5_Otu_000050	9	67	1449	5	22	15	4	3	6	24	33	2	16	104	1	1	1	34	126	21	7	0	2	16	46	114	898	111	47	9	27	60	83	128	27	11	17	0	16	17	6	249
BacV5_Otu_000052	19	26	39	53	108	266	16	37	50	107	21	0	0	0	1	0	0	2	3	1	2	1	1	64	3	4	13	0	2	14	12	7	15	19	4	10	10	38	4	17	39	0
BacV5_Otu_000053	2	53	76	1	40	3	4	9	3	6	19	6	1	6	15	4	0	20	23	43	24	7	4	31	24	79	130	60	22	0	114	93	227	2	4	34	1	26	4	25	8	23
BacV5_Otu_000055	13	9	4	7	87	61	10	4	40	59	7	2	0	1	4	2	0	4	3	25	2	1	2	64	1	24	14	9	4	19	2	4	116	14	0	5	4	145	5	39	5	3
BacV5_Otu_000056	66	123	72	147	314	787	45	89	128	300	68	2	1	5	5	1	0	6	31	1	3	13	1	275	5	2	21	28	15	15	44	9	48	12	4	13	11	323	6	29	56	3
BacV5_Otu_000057	3	25	49	21	96	118	12	9	25	63	11	7	0	0	4	2	0	3	47	0	2	3	1	91	15	30	177	35	7	51	80	47	135	90	31	49	17	289	51	95	141	2
BacV5_Otu_000058	14	8	11	13	40	68	10	7	85	128	7	4	1	0	0	1	8	278	11	4	1	0	0	14	0	13	36	9	14	7	7	6	8	0	7	4	1	30	1	6	18	0
BacV5_Otu_000059	20	35	24	43	51	210	7	21	26	69	9	0	0	0	3	2	0	1	16	4	0	1	1	41	1	64	63	25	28	46	65	32	26	149	32	50	52	193	53	54	89	1
BacV5_Otu_000061	2	0	1	0	60	4	3	0	7	10	0	0	0	0	0	0	0	0	1	0	0	0	0	0	0	1	0	19	0	0	0	5	13	20	4	15	0	4	0	0	0	0
BacV5_Otu_000062	4	21	23	17	34	39	6	6	21	39	4	1	0	0	2	3	0	3	34	3	5	1	1	77	4	27	246	10	1	18	30	26	76	44	16	9	12	647	26	98	142	3
BacV5_Otu_000063	8	14	46	14	76	91	14	6	21	36	9	12	1	0	1	4	0	2	75	8	4	0	0	145	16	53	109	31	4	19	38	19	173	46	25	12	30	363	33	32	69	4
BacV5_Otu_000064	6	22	51	6	7	22	9	5	7	28	5	1	0	3	1	3	0	0	22	8	3	1	2	26	20	104	23	7	2	5	13	13	611	8	5	4	0	59	1	89	11	1
BacV5_Otu_000065	11	10	28	55	116	510	27	30	20	70	27	3	0	4	1	11	0	0	11	5	5	2	7	98	13	21	39	6	24	6	7	8	15	52	19	11	15	68	12	31	52	10
BacV5_Otu_000066	5	28	51	2	11	28	1	14	39	75	14	5	0	1	0	2	0	7	72	18	11	1	10	92	6	3	20	6	25	8	11	41	24	81	23	11	42	115	7	12	4	1
BacV5_Otu_000067	0	36	2	241	2	7	0	197	141	269	0	0	0	0	2	2	0	5	10	29	12	0	4	8	4	8	16	113	39	539	0	5	2	0	6	0	2	5	0	0	67	6
BacV5_Otu_000068	6	10	15	7	29	71	10	11	16	33	23	1	0	0	0	0	0	1	3	1	2	4	0	7	1	41	12	0	1	10	4	1	90	268	7	224	127	84	2	11	7	0
BacV5_Otu_000069	0	4	9	1	102	37	0	0	7	8	21	4	0	0	1	2	0	1	30	8	4	3	3	57	11	27	117	15	7	59	27	23	180	27	15	3	19	75	8	7	10	6
BacV5_Otu_000071	6	12	17	8	45	96	5	11	8	22	9	1	0	1	0	2	0	3	32	6	1	0	0	66	5	27	65	17	8	12	45	16	59	39	11	23	13	135	24	36	45	0
BacV5_Otu_000072	36	68	64	113	102	561	20	72	81	168	40	0	0	0	1	4	0	0	17	2	0	4	0	84	2	11	25	12	3	11	29	3	46	13	13	5	7	208	13	24	60	2
BacV5_Otu_000073	31	70	52	79	73	441	17	65	92	192	37	1	0	1	0	2	0	4	15	3	0	4	0	228	0	13	12	25	1	9	14	10	16	22	5	9	8	85	18	17	60	2
BacV5_Otu_000074	16	25	28	33	94	438	11	30	37	62	15	0	0	0	0	0	1	1	6	0	0	1	3	79	1	10	31	16	17	16	25	10	18	29	10	27	17	55	20	19	37	0
BacV5_Otu_000075	7	34	57	10	16	3	18	14	5	11	0	10	0	0	0	0	0	3	16	10	12	0	8	4	1	159	152	7	41	127	9	37	11	117	158	3	104	21	16	24	60	0
BacV5_Otu_000076	0	4	13	23	25	19	0	0	6	12	3	12	0	2	5	7	0	0	40	0	19	1	1	19	16	1	113	72	12	0	88	23	218	5	0	3	3	23	205	209	70	1
BacV5_Otu_000077	5	17	31	5	1	1	0	3	1	0	0	0	0	0	0	0	0	3	18	69	0	0	1	3	14	271	68	4	10	2	37	22	139	76	21	14	8	5	0	9	1	13
BacV5_Otu_000080	0	0	0	2	28	6	1	0	1	0	0	1	0	0	0	0	0	0	3	2	0	0	0	10	1	2	9	17	9	4	3	0	2	40	25	79	41	61	19	80	42	1
BacV5_Otu_000081	11	20	148	5	63	50	2	22	10	14	8	4	0	0	0	3	0	1	23	4	1	2	1	13	9	123	49	10	2	28	34	21	28	98	29	30	9	87	20	21	34	0
BacV5_Otu_000083	8	27	10	71	66	124	22	40	44	92	6	5	0	0	0	1	0	0	12	1	14	0	2	81	0	17	39	34	0	13	27	3	37	11	4	6	1	102	4	28	30	1
BacV5_Otu_000084	0	0	0	0	0	2	0	0	0	0	0	0	0	0	0	0	0	0	0	0	0	0	0	1	0	1	10	31	31	8	1	5	6	53	55	218	66	139	37	189	75	1
BacV5_Otu_000085	39	72	94	128	317	1101	103	78	205	430	66	0	0	1	1	1	0	1	14	0	0	8	0	22	6	1	10	6	1	7	19	4	11	10	4	1	0	23	13	17	12	0
BacV5_Otu_000086	1	49	25	0	5	6	1	2	36	56	1	0	0	16	0	1	0	2	2	7	0	2	0	1	6	3	5	7	0	0	3	0	6	0	24	0	0	58	23	26	1	3
BacV5_Otu_000088	1	7	7	7	15	82	6	5	19	24	10	0	0	0	0	0	0	0	3	0	0	0	0	10	0	7	15	2	0	3	5	0	142	7	5	7	0	191	0	8	19	0
BacV5_Otu_000089	15	42	20	45	65	227	8	29	33	79	14	0	0	0	0	0	0	2	0	1	1	3	0	69	0	2	14	10	2	4	16	3	16	6	1	2	1	82	8	15	53	1
BacV5_Otu_000090	3	6	5	3	13	58	2	6	3	23	2	1	0	0	0	2	0	0	6	2	0	0	1	14	3	28	16	9	9	18	17	15	16	37	10	17	17	50	12	11	28	0
BacV5_Otu_000092	3	4	13	17	28	88	5	6	18	25	7	3	0	1	0	0	0	0	12	3	0	0	1	20	3	40	63	28	7	26	35	6	59	52	23	15	16	131	29	38	83	2
BacV5_Otu_000094	4	12	9	3	7	14	1	0	7	2	1	1	0	0	0	0	0	1	0	0	0	0	0	8	2	11	3	0	2	1	5	2	85	5	5	4	1	31	0	12	12	0
BacV5_Otu_000095	18	39	40	45	73	233	16	42	51	96	20	0	0	0	1	1	0	0	12	3	1	1	0	32	1	23	5	28	7	14	48	4	15	10	15	10	5	121	4	14	52	0
BacV5_Otu_000096	12	38	20	26	93	373	13	30	43	74	10	0	0	0	2	2	0	0	13	0	1	0	14	44	4	20	14	11	6	20	28	16	14	45	13	16	53	81	7	12	28	6
BacV5_Otu_000097	22	25	34	74	57	746	22	48	39	103	28	0	0	0	0	1	0	0	11	0	0	0	1	35	5	15	17	16	4	22	7	6	7	50	11	33	11	42	20	24	46	1
BacV5_Otu_000098	39	36	47	119	108	527	23	45	83	162	29	0	0	0	1	2	0	0	10	0	0	4	1	127	1	6	27	12	5	10	19	1	82	7	4	5	8	249	20	24	49	1
BacV5_Otu_000100	1	0	14	4	8	33	4	7	11	11	2	6	0	1	3	15	0	0	13	1	6	20	7	28	66	4	11	16	0	1	6	0	100	2	2	0	4	32	4	2	8	4
BacV5_Otu_000101	3	1	1	5	22	18	5	2	7	4	1	0	0	0	0	2	0	0	1	0	2	2	5	23	5	11	23	7	7	5	6	19	6	34	7	14	5	9	9	5	8	0
BacV5_Otu_000102	9	7	22	28	35	295	15	24	33	38	9	0	0	0	1	3	0	0	7	1	0	3	3	48	1	18	22	2	11	15	10	4	8	22	10	37	26	30	21	16	12	3
BacV5_Otu_000103	12	23	14	25	20	97	8	9	22	54	19	1	0	1	0	0	1	1	3	0	0	1	0	158	2	1	17	3	2	6	14	6	23	9	5	5	4	31	6	11	22	1
BacV5_Otu_000104	11	26	16	22	332	278	12	68	28	97	1	0	0	0	3	11	0	0	6	0	0	0	23	35	2	38	27	7	9	20	67	23	17	102	6	5	28	48	14	29	32	0
BacV5_Otu_000105	0	0	2	0	0	6	0	0	13	21	5	0	0	0	0	0	1	2	1	24	5	0	1	10	0	6	25	4	0	0	3	1	7	32	0	0	0	43	0	0	8	0
BacV5_Otu_000106	8	65	17	18	25	93	11	9	172	304	6	0	0	1	6	0	0	38	0	1	0	0	0	102	1	68	7	6	0	0	0	3	10	0	0	2	2	11	8	2	0	1
BacV5_Otu_000107	8	15	6	15	56	133	14	14	10	24	10	0	0	0	0	0	0	0	0	0	1	0	0	9	0	15	9	0	0	1	6	0	16	2	0	0	0	14	14	11	29	0
BacV5_Otu_000110	0	0	0	0	2	7	1	2	0	0	0	17	0	1	0	4	0	0	122	0	2	1	1	0	3	0	16	0	0	0	24	3	25	4	0	2	0	0	1	7	42	0
BacV5_Otu_000113	14	13	12	33	41	226	12	23	19	40	12	0	1	0	1	1	0	0	5	0	0	1	0	26	0	3	8	10	12	15	14	5	3	22	11	1	7	21	18	11	14	3
BacV5_Otu_000115	8	8	7	25	22	72	4	10	13	30	8	0	0	0	0	0	0	0	29	2	0	0	0	85	5	7	19	1	1	2	10	6	22	11	6	3	12	74	11	8	29	0
BacV5_Otu_000116	2	5	10	8	16	97	2	3	9	14	2	1	0	0	1	0	0	0	5	4	0	0	0	9	1	1	17	2	0	5	0	5	33	2	6	9	3	108	2	5	5	0
BacV5_Otu_000119	13	28	15	31	46	169	14	21	32	58	9	2	0	0	2	1	0	0	8	0	0	2	2	27	0	2	48	7	0	19	6	5	3	25	10	11	8	42	15	11	48	4
BacV5_Otu_000120	5	7	18	16	12	5	7	2	0	2	2	3	0	3	0	1	0	9	36	12	5	0	1	13	15	55	38	8	9	3	21	11	136	19	7	0	4	112	4	40	9	9
BacV5_Otu_000121	20	36	27	45	34	21	29	5	12	23	17	1	0	4	3	1	0	0	22	5	0	0	4	40	7	11	496	0	6	15	43	86	135	92	353	30	20	65	4	100	313	1
BacV5_Otu_000122	7	8	8	5	12	31	7	5	24	38	2	2	0	0	0	1	0	0	0	3	0	0	0	36	0	12	2	1	0	14	9	8	1	14	4	16	12	34	8	20	31	0
BacV5_Otu_000123	7	6	20	29	36	203	9	22	20	53	7	0	0	0	1	2	0	0	11	1	0	0	4	34	1	6	5	7	6	11	10	3	3	13	16	14	12	17	8	15	24	0
BacV5_Otu_000124	5	6	7	7	94	46	8	8	23	20	2	5	0	1	1	2	1	2	128	15	4	12	3	165	7	37	117	14	0	10	26	8	72	34	8	0	13	227	0	2	27	10
BacV5_Otu_000127	2	14	10	6	52	87	5	4	23	51	18	0	0	2	1	3	0	3	38	14	2	4	2	56	13	12	37	1	12	7	23	6	126	18	4	3	3	74	6	31	21	0
BacV5_Otu_000128	0	4	3	48	4	0	3	2	2	0	1	10	0	1	6	1	0	0	39	3	1	1	6	114	31	7	1	5	519	6	94	4	6	41	43	2	42	18	3	8	1	14
BacV5_Otu_000129	18	13	27	27	51	323	11	55	39	59	5	0	0	0	0	0	0	0	51	0	0	0	1	13	0	1	2	4	1	11	12	8	3	15	7	23	10	55	5	25	44	0
BacV5_Otu_000130	10	16	21	18	39	165	7	16	25	19	7	0	0	1	1	1	0	1	5	0	0	0	1	16	0	7	10	1	7	2	5	3	1	6	0	2	3	30	5	7	26	0
BacV5_Otu_000131	10	20	15	33	39	185	12	19	14	28	8	0	0	1	0	0	0	1	7	3	0	0	0	17	0	6	26	12	3	10	14	4	10	8	5	5	4	15	6	12	26	0
BacV5_Otu_000132	9	9	17	22	35	185	9	20	6	27	12	0	0	0	0	2	0	0	3	1	0	1	0	17	3	14	5	10	8	9	12	7	7	28	11	14	5	18	21	11	29	1
BacV5_Otu_000133	15	0	3	0	0	0	0	11	3	1	6	0	0	0	0	0	0	13	0	3	2	0	0	0	1	2	0	5	0	5	0	3	18	13	3	10	0	12	0	0	5	7
BacV5_Otu_000134	1	3	0	3	58	2	0	9	1	1	17	2	0	5	6	1	0	11	4	10	13	1	4	23	10	11	3	2	6	0	79	135	192	0	0	48	0	2	0	8	1	27
BacV5_Otu_000136	3	8	3	9	17	58	3	4	4	13	2	0	0	0	0	3	0	1	2	0	0	4	0	11	0	61	32	25	4	21	25	8	25	72	9	17	10	74	29	30	33	1
BacV5_Otu_000137	1	8	6	14	23	89	2	4	11	20	7	0	0	0	1	2	0	1	3	1	0	0	1	31	2	0	5	0	3	4	6	1	48	5	0	9	3	54	2	12	20	0
BacV5_Otu_000138	0	4	14	6	22	71	5	12	3	15	2	0	0	0	2	2	0	0	17	4	0	0	0	29	0	1	7	3	14	8	8	5	6	20	11	20	6	22	11	2	19	0
BacV5_Otu_000141	4	7	19	18	42	194	11	20	15	35	16	1	0	0	1	3	0	2	6	0	0	0	1	29	3	15	16	3	6	6	36	8	9	33	8	18	8	43	7	10	29	3
BacV5_Otu_000142	12	11	12	24	22	98	5	6	6	16	4	2	0	0	1	0	0	0	8	2	0	0	1	14	0	23	13	21	6	8	11	0	5	69	11	15	10	30	13	4	19	0
BacV5_Otu_000143	1	5	4	6	20	32	0	1	6	8	1	1	0	0	0	0	0	0	27	2	1	0	1	21	3	5	25	9	3	11	10	7	21	19	6	10	7	61	4	15	50	0
BacV5_Otu_000144	8	6	9	6	19	128	6	9	9	25	2	0	0	0	0	1	0	0	4	0	1	0	0	25	0	13	13	0	3	1	5	1	4	1	0	0	3	5	0	22	11	0
BacV5_Otu_000145	14	28	27	38	32	294	37	39	24	72	20	0	0	2	1	1	0	0	5	0	0	0	0	9	1	23	2	1	7	10	11	2	2	9	2	20	42	44	13	17	20	0
BacV5_Otu_000147	6	9	4	5	44	97	1	1	27	40	5	0	0	0	0	1	0	0	6	17	0	6	0	14	2	4	11	1	5	3	5	5	12	0	2	3	0	27	0	4	0	1
BacV5_Otu_000148	1	26	11	2	218	97	4	23	25	75	21	4	0	0	1	2	0	2	183	5	0	0	2	370	1	0	189	0	0	10	4	5	10	11	26	0	298	30	2	32	6	1
BacV5_Otu_000149	7	11	16	10	24	82	6	14	22	34	9	1	0	0	0	1	0	0	0	0	0	0	0	17	0	20	8	7	4	12	8	6	9	34	10	24	5	32	10	5	14	0
BacV5_Otu_000150	5	5	13	17	8	91	2	2	10	16	6	0	0	0	0	1	0	0	4	0	0	0	0	13	0	7	5	9	8	8	11	3	2	24	9	7	9	12	7	6	18	1
BacV5_Otu_000151	1	4	5	9	18	26	7	7	84	138	2	0	0	1	0	0	0	13	2	2	2	0	1	4	0	9	10	0	17	2	7	2	10	5	6	7	1	42	0	9	2	0
BacV5_Otu_000152	0	0	0	0	1	0	0	0	0	0	0	0	0	0	0	0	0	0	0	0	0	0	0	0	0	0	4	6	10	2	0	0	4	15	12	63	19	58	2	21	32	1
BacV5_Otu_000153	14	14	28	5	7	7	1	1	1	5	2	3	0	1	1	4	0	4	23	63	17	3	2	11	28	6	43	0	0	0	0	4	3	1	0	1	2	11	2	5	4	14
BacV5_Otu_000154	6	5	6	8	3	134	5	10	7	19	2	0	0	0	0	0	0	1	2	1	0	0	0	15	0	1	7	17	2	4	2	2	19	7	0	4	3	255	4	6	8	0
BacV5_Otu_000156	0	4	11	10	34	41	1	8	11	11	9	3	0	0	0	0	0	1	22	0	1	1	1	15	2	31	31	5	8	22	24	7	13	77	7	3	14	100	18	26	32	1
BacV5_Otu_000158	11	25	23	29	41	149	4	27	29	55	4	0	0	1	0	0	0	0	3	0	0	0	0	54	1	3	8	14	6	2	22	3	24	2	0	0	0	62	5	36	24	0
BacV5_Otu_000159	7	23	16	33	3	0	3	4	2	31	22	0	6	7	7	1	0	1	0	40	5	40	47	1	6	0	0	0	0	3	5	0	6	1	1	0	4	0	0	0	7	9
BacV5_Otu_000160	4	6	5	6	10	50	31	8	20	45	17	0	0	0	0	0	0	0	1	2	0	0	0	30	16	0	3	6	0	8	11	4	66	0	2	6	2	176	5	122	53	1
BacV5_Otu_000161	2	8	8	8	4	73	0	1	3	19	3	0	0	0	2	1	0	1	16	5	1	0	4	23	7	23	43	23	5	19	17	14	26	41	5	11	15	70	35	23	36	0
BacV5_Otu_000163	4	9	4	10	11	51	2	4	9	16	8	1	0	1	2	1	0	1	2	1	0	2	0	34	0	1	3	3	29	5	0	12	22	4	0	2	2	9	2	7	8	0
BacV5_Otu_000164	12	12	8	15	31	116	14	9	11	16	4	0	0	0	0	3	0	0	4	0	0	0	0	18	1	20	12	13	0	11	7	7	2	46	7	7	1	30	15	13	29	0
BacV5_Otu_000166	7	15	19	16	21	91	7	10	15	31	14	1	0	1	0	3	0	0	6	0	1	0	0	20	0	28	13	8	4	8	26	11	17	48	12	2	7	12	11	10	23	0
BacV5_Otu_000168	12	9	10	16	16	97	16	6	12	23	7	0	0	0	1	2	0	0	2	0	0	0	0	11	3	7	5	2	2	4	15	0	2	12	2	11	4	13	5	6	15	1
BacV5_Otu_000169	6	9	4	35	18	148	12	8	5	22	6	0	0	0	2	1	0	0	4	0	0	0	1	10	0	4	6	7	7	11	2	2	0	6	7	4	9	7	2	12	10	1
BacV5_Otu_000170	3	13	15	15	23	103	11	7	9	28	1	0	0	0	0	2	0	0	10	0	0	0	0	15	0	15	12	9	5	17	7	5	9	22	5	4	11	31	8	3	8	0
BacV5_Otu_000171	7	32	12	31	37	185	19	20	15	41	13	1	0	0	1	1	0	0	3	2	0	1	0	16	3	0	2	0	0	2	4	1	7	8	1	2	0	24	6	6	6	2
BacV5_Otu_000172	15	35	20	47	46	104	7	23	54	110	5	2	0	0	2	0	0	9	6	2	2	0	1	39	0	2	30	1	0	1	8	1	6	3	0	1	3	45	1	6	6	0
BacV5_Otu_000173	0	4	5	15	10	43	3	2	8	13	5	0	1	0	1	3	0	1	1	0	0	0	0	5	0	66	14	15	3	23	15	18	13	52	11	10	5	21	14	26	13	0
BacV5_Otu_000174	0	0	1	0	16	6	3	1	4	4	1	0	0	0	0	0	0	2	3	2	0	0	0	4	1	1	0	4	10	7	2	3	1	12	5	28	14	1	3	4	16	1
BacV5_Otu_000175	0	18	1	3	0	0	9	2	0	0	1	0	2	95	0	0	1	11	35	46	17	0	1	5	29	23	0	4	0	0	9	2	21	211	7	47	1	1	0	5	20	67
BacV5_Otu_000176	1	11	10	11	55	11	0	1	29	65	2	0	0	0	0	0	0	1	0	0	0	0	1	19	0	17	6	9	0	13	94	4	7	112	8	19	10	45	12	14	17	1
BacV5_Otu_000177	3	20	21	8	44	147	18	16	21	49	10	0	0	0	0	1	0	0	2	0	0	0	0	27	0	3	6	7	0	4	4	3	30	10	3	4	3	109	2	9	8	2
BacV5_Otu_000179	5	7	29	33	0	0	2	28	2	17	22	1	3	15	34	7	0	5	6	18	17	4	17	6	11	0	0	0	0	6	14	4	0	3	0	3	0	0	2	0	5	5
BacV5_Otu_000183	3	3	4	4	114	175	3	7	15	14	3	1	0	0	0	3	0	0	3	1	1	0	1	11	2	16	6	5	5	9	20	8	6	47	9	10	7	21	11	2	4	0
BacV5_Otu_000186	4	3	3	14	10	52	6	5	6	4	2	0	0	0	0	0	0	0	4	1	0	1	1	23	2	0	13	4	0	2	3	3	2	14	4	4	0	27	1	4	6	0
BacV5_Otu_000187	0	6	2	1	93	20	2	0	4	11	2	4	0	1	4	7	0	0	4	0	0	0	0	7	0	157	11	4	0	19	22	19	8	91	20	34	15	36	20	13	14	0
BacV5_Otu_000189	9	6	10	34	42	174	14	4	25	25	3	1	0	0	0	1	0	0	7	0	0	0	0	9	2	1	2	1	0	3	0	1	0	6	0	3	1	2	4	4	8	0
BacV5_Otu_000190	2	1	6	34	13	12	2	0	1	2	2	0	0	0	1	0	0	0	1	1	2	2	0	0	1	17	14	52	25	3	2	10	9	1	4	7	8	1	1	12	9	1
BacV5_Otu_000191	0	0	0	1	0	0	0	0	0	0	0	28	1	5	38	10	2	2	22	3	12	7	10	50	16	0	1	0	0	0	5	1	1	0	0	1	0	2	0	0	2	1
BacV5_Otu_000192	3	9	5	4	20	84	3	8	8	15	6	0	0	0	0	1	0	0	4	0	0	0	1	13	0	0	15	2	1	3	7	0	15	5	0	2	1	116	2	0	9	0
BacV5_Otu_000194	0	3	1	0	0	1	0	1	0	0	0	143	28	6	9	88	4	6	4	3	3	20	0	9	0	0	27	2	0	1	8	0	3	2	0	0	0	0	9	2	15	0
BacV5_Otu_000195	1	0	4	2	9	6	1	0	2	1	0	21	0	0	2	1	0	1	62	1	0	0	1	46	3	7	19	7	5	7	18	6	13	15	2	9	1	18	9	3	22	0
BacV5_Otu_000196	1	8	15	5	3	1	0	4	0	13	0	0	0	6	5	7	0	1	10	16	5	0	0	6	4	0	2	0	0	0	11	8	8	1	3	0	0	0	3	1	1	15
BacV5_Otu_000199	2	3	4	0	21	5	2	2	0	2	4	4	0	0	0	0	0	0	8	3	2	0	0	57	7	8	11	3	0	2	1	4	66	10	4	1	2	40	2	1	5	3
BacV5_Otu_000200	17	27	130	54	43	138	12	24	28	53	40	0	1	0	0	1	0	1	0	0	0	0	0	21	0	0	0	0	0	0	1	1	3	2	0	12	0	2	5	3	1	0
BacV5_Otu_000201	3	13	5	11	22	19	1	5	12	18	2	2	2	0	0	1	0	0	7	3	0	3	0	14	0	8	30	7	3	15	10	1	29	7	5	1	6	54	7	35	40	1
BacV5_Otu_000202	5	2	1	18	18	2	0	5	5	10	11	4	0	0	0	0	164	0	0	8	0	0	0	0	19	16	0	22	12	58	2	1	0	105	95	53	1	1	1	0	2	0
BacV5_Otu_000203	15	29	17	19	37	167	2	6	19	39	5	0	0	0	0	0	0	0	3	1	1	0	0	68	0	12	1	4	0	2	5	7	6	16	2	5	5	11	4	6	9	0
BacV5_Otu_000204	0	5	2	4	28	33	14	5	7	6	4	1	0	0	1	2	0	0	2	0	0	0	1	68	1	1	11	0	0	11	1	5	20	10	1	10	13	20	8	3	14	0
BacV5_Otu_000205	11	11	14	19	40	172	7	17	28	45	15	0	0	1	1	1	0	1	7	0	0	2	0	25	0	1	15	21	1	8	15	0	11	10	0	0	6	68	10	10	60	0
BacV5_Otu_000206	1	2	7	2	0	0	0	0	0	1	3	7	0	2	9	12	0	3	2	41	4	3	13	1	3	4	7	0	0	2	36	18	11	0	1	0	0	0	0	0	1	0
BacV5_Otu_000207	2	10	6	12	31	128	5	9	10	27	8	0	0	0	0	0	0	0	2	0	0	0	0	13	5	1	14	4	1	2	3	0	4	3	2	4	0	14	0	0	5	0
BacV5_Otu_000209	4	9	3	6	11	65	6	4	3	23	1	0	0	1	0	1	0	0	3	0	0	0	0	4	1	18	18	11	3	18	24	9	17	34	9	9	8	52	6	12	10	0
BacV5_Otu_000212	0	1	5	0	10	22	0	0	2	5	4	0	0	0	0	0	0	1	2	0	1	1	0	16	0	0	1	0	19	3	4	13	13	9	0	1	1	6	2	3	7	0
BacV5_Otu_000213	0	0	0	1	22	0	0	2	0	0	11	0	1	0	0	1	0	1	2	12	8	0	1	14	10	5	0	1	1	0	28	56	77	0	0	19	0	1	0	1	0	12
BacV5_Otu_000214	0	1	15	8	36	15	4	0	5	6	2	1	0	0	0	5	0	0	5	0	0	0	1	14	0	13	3	6	2	3	19	8	1	3	28	8	5	80	8	7	20	0
BacV5_Otu_000219	7	6	9	5	34	87	8	5	12	13	7	0	0	0	1	0	0	0	4	0	0	0	0	5	0	10	15	4	0	13	9	3	3	19	7	5	8	18	7	3	16	0
BacV5_Otu_000222	4	5	9	2	14	120	3	5	10	8	2	0	0	2	0	1	0	0	5	0	0	0	0	12	0	3	30	1	1	8	7	6	0	11	2	1	3	6	3	12	10	1
BacV5_Otu_000223	0	1	0	0	0	0	0	0	0	0	0	0	0	0	0	0	0	0	1	0	0	0	0	1	0	1	0	8	0	3	2	0	2	16	13	35	7	29	6	30	20	1
BacV5_Otu_000224	4	4	4	10	18	40	2	3	1	9	0	0	0	0	0	1	0	0	3	0	0	0	0	8	0	15	20	7	4	7	8	5	5	17	10	3	8	16	4	4	13	0
BacV5_Otu_000226	0	0	0	1	0	2	1	0	2	0	5	0	0	0	0	0	0	0	0	0	0	2	0	0	0	2	4	0	5	1	4	0	0	12	7	31	15	28	1	30	11	1
BacV5_Otu_000228	3	5	3	7	19	118	7	12	7	23	5	1	0	0	0	2	0	1	9	2	0	0	8	20	1	0	10	0	3	2	4	5	3	9	1	10	7	13	10	3	5	2
BacV5_Otu_000230	3	8	4	10	12	56	2	5	7	11	1	0	0	0	1	1	0	0	4	0	0	0	1	10	2	3	4	5	4	13	11	5	1	24	2	14	5	8	3	6	6	1
BacV5_Otu_000231	1	0	3	3	18	19	2	0	3	4	0	1	0	0	0	0	0	1	39	4	0	0	2	28	4	1	6	6	0	4	6	0	14	5	3	0	3	12	1	6	18	0
BacV5_Otu_000237	9	12	9	21	74	129	3	20	26	50	6	0	0	0	0	0	0	0	5	0	1	0	0	17	0	1	4	8	4	2	11	2	3	11	6	1	0	15	5	4	20	0
BacV5_Otu_000242	6	11	16	6	15	86	4	9	11	35	1	0	0	0	0	1	0	0	0	2	0	0	0	6	0	1	1	0	1	4	6	9	5	8	4	9	2	94	1	12	20	0
BacV5_Otu_000253	4	18	3	16	7	27	4	1	12	17	4	0	0	0	0	0	0	0	1	0	0	0	0	3	0	0	0	1	0	0	0	0	0	0	0	0	0	1	0	1	0	0
BacV5_Otu_000254	2	12	2	7	11	59	3	7	23	45	7	0	0	0	4	1	0	0	18	4	1	5	0	36	1	3	5	13	0	3	7	5	5	20	0	0	3	42	10	9	6	0
BacV5_Otu_000258	1	2	7	7	2	18	0	1	0	3	1	20	1	0	0	0	0	0	14	4	1	0	0	28	1	5	8	1	3	3	12	2	3	6	4	1	1	20	9	9	14	1
BacV5_Otu_000262	2	3	5	1	5	0	1	3	3	9	14	8	1	1	0	5	0	0	6	0	5	1	1	8	26	20	8	1	0	4	6	1	8	10	8	1	3	26	9	15	8	15
BacV5_Otu_000266	8	7	10	4	0	10	2	5	3	4	17	0	0	12	0	7	1	0	6	14	13	17	38	2	0	0	1	1	0	24	0	4	2	3	5	4	2	0	0	0	1	0
BacV5_Otu_000269	2	14	12	14	11	162	4	6	22	43	10	0	0	0	0	0	0	0	4	0	0	0	0	21	0	0	10	2	0	5	8	0	7	15	3	1	6	13	5	2	13	0
BacV5_Otu_000273	0	19	14	5	0	25	0	3	1	3	2	0	0	1	2	1	0	1	5	3	0	0	0	31	0	1	6	1	0	1	4	0	11	0	0	0	0	78	1	11	7	2
BacV5_Otu_000275	7	9	5	12	27	77	3	4	12	23	3	0	0	0	0	1	0	0	0	0	0	0	0	14	2	1	2	1	4	5	3	1	34	5	1	6	2	51	1	15	10	1
BacV5_Otu_000277	4	3	10	5	2	57	4	1	13	25	2	0	0	0	0	0	0	0	1	0	0	1	0	8	2	2	4	0	5	6	63	5	0	18	2	13	1	3	6	5	17	1
BacV5_Otu_000285	5	13	8	13	28	85	4	11	10	20	2	0	0	1	0	0	0	0	1	0	0	3	0	10	0	0	2	2	0	0	4	4	3	1	2	0	0	2	1	2	8	0
BacV5_Otu_000288	2	2	3	3	15	80	9	5	8	21	2	0	0	0	0	4	0	1	3	0	1	0	1	12	1	2	2	0	4	4	2	1	1	24	2	2	1	3	4	1	5	0
BacV5_Otu_000292	18	23	41	47	35	182	0	26	35	64	13	0	0	0	2	0	0	0	0	0	0	5	0	9	0	0	0	0	0	0	0	0	0	0	0	0	0	0	0	0	0	0
BacV5_Otu_000294	5	6	2	9	18	143	0	7	10	19	6	0	0	0	0	1	0	0	4	0	0	0	0	14	0	3	2	1	0	5	1	1	4	27	1	10	2	6	2	8	18	0
BacV5_Otu_000297	0	4	20	3	12	10	5	2	4	21	0	0	0	0	0	0	0	0	0	2	0	0	0	5	0	7	5	1	3	1	1	1	2	5	11	0	4	21	3	10	11	0
BacV5_Otu_000304	3	8	7	14	11	67	8	10	10	19	2	0	0	0	0	0	0	0	0	0	0	2	0	4	0	2	9	1	4	3	6	4	3	4	4	3	1	71	2	11	18	0
BacV5_Otu_000308	0	3	2	3	0	0	0	0	0	2	0	0	0	0	0	0	0	0	0	0	0	1	0	17	0	142	3	20	0	6	7	22	0	114	49	22	6	2	22	4	0	0
BacV5_Otu_000310	7	50	16	19	93	89	7	14	27	88	24	5	0	0	2	3	0	0	2	3	0	5	0	49	0	0	0	0	0	0	2	0	0	0	0	0	0	0	0	0	0	1
BacV5_Otu_000312	4	10	9	31	36	99	9	6	17	47	9	0	0	0	0	0	0	0	0	0	1	0	0	2	0	0	3	9	0	0	5	0	8	1	3	1	0	37	1	16	15	0
BacV5_Otu_000315	6	9	18	7	11	57	2	8	6	19	1	0	0	0	0	0	0	0	0	1	0	0	0	3	2	3	1	5	7	1	2	0	17	1	0	0	1	65	0	6	33	0
BacV5_Otu_000319	2	11	14	17	12	69	4	6	6	32	2	0	0	0	0	0	0	1	7	0	0	0	0	11	1	6	0	0	0	2	2	0	0	2	0	4	9	10	1	6	14	0
BacV5_Otu_000330	5	15	3	3	21	78	9	9	9	29	2	1	0	0	0	0	0	0	2	0	0	0	0	6	1	0	0	0	0	0	2	0	3	4	4	0	0	13	1	1	2	0
BacV5_Otu_000338	9	24	13	12	48	164	5	10	33	110	15	0	0	0	0	0	0	0	7	1	0	3	0	3	0	0	0	1	0	3	5	0	6	3	0	0	3	8	6	4	4	0
BacV5_Otu_000341	2	3	3	11	13	91	1	7	6	7	2	0	0	0	1	2	0	0	3	1	0	0	0	11	1	1	5	3	2	0	5	1	1	13	0	2	9	4	4	7	1	0
BacV5_Otu_000351	0	3	1	3	9	8	0	0	8	9	2	1	0	0	0	1	0	0	1	0	0	0	1	1	0	17	7	10	1	10	15	8	3	37	8	9	6	23	10	7	12	0
BacV5_Otu_000354	3	11	1	11	8	16	2	1	8	15	0	0	0	0	0	0	0	3	0	0	0	0	0	12	0	0	0	0	0	0	0	0	0	1	0	1	2	5	0	0	0	0
BacV5_Otu_000357	0	11	0	9	0	0	0	0	0	0	0	91	148	15	0	58	6	59	5	7	0	4	0	0	1	0	0	0	0	0	1	0	0	0	0	0	0	0	0	0	0	0
BacV5_Otu_000364	3	8	1	42	16	20	0	2	8	8	5	1	0	1	0	0	0	0	1	0	1	1	0	5	0	0	1	0	0	8	15	0	1	116	6	22	0	9	6	0	12	2
BacV5_Otu_000366	0	5	2	2	30	102	3	0	3	12	1	0	0	0	1	2	0	0	0	0	0	0	1	4	2	0	3	1	0	0	8	6	2	22	9	3	7	18	3	4	3	0
BacV5_Otu_000373	0	1	0	0	0	0	0	0	3	4	0	0	0	0	0	0	0	0	9	34	0	0	0	0	0	271	0	0	0	0	1	5	0	2	52	12	30	0	2	0	0	0
BacV5_Otu_000382	5	11	12	22	30	108	7	6	18	37	5	1	0	0	0	1	0	0	4	0	0	1	0	15	1	2	1	2	0	1	15	2	4	1	3	0	0	24	1	6	6	0
BacV5_Otu_000386	3	3	6	8	3	19	1	2	8	19	1	0	0	0	0	0	0	1	6	0	0	0	0	12	0	0	7	2	3	3	5	2	5	5	1	0	5	12	6	1	18	0
BacV5_Otu_000389	1	2	3	1	6	11	0	3	4	2	1	0	0	0	0	0	0	0	0	0	0	0	0	3	0	6	21	3	0	7	5	4	29	14	0	3	2	29	0	0	17	0
BacV5_Otu_000406	2	3	1	2	6	13	0	0	0	5	0	0	0	0	0	0	0	0	3	1	0	0	2	4	0	8	16	5	0	6	12	3	2	14	2	12	3	5	5	9	10	0
BacV5_Otu_000409	10	11	9	21	30	137	10	14	21	43	10	0	0	0	0	0	0	0	3	0	0	0	0	9	0	0	2	0	0	1	2	0	0	0	0	0	0	4	1	0	6	0
BacV5_Otu_000425	0	1	0	0	6	25	2	1	2	4	1	0	0	0	0	0	0	0	1	0	0	0	0	7	0	14	0	0	13	0	12	2	7	13	1	1	0	10	2	0	1	0
BacV5_Otu_000437	0	11	0	4	0	0	0	0	0	0	0	21	9	36	0	25	11	59	9	0	0	0	1	0	3	0	0	0	0	0	0	0	0	0	0	0	0	0	5	0	0	0
BacV5_Otu_000438	0	1	0	1	6	8	0	0	0	1	1	0	0	0	0	1	0	0	12	1	2	0	1	38	0	1	10	5	1	0	4	1	19	0	0	0	0	127	1	12	8	0
BacV5_Otu_000440	4	5	6	18	18	49	4	6	19	19	0	0	0	1	0	1	0	1	0	0	0	2	0	13	0	0	1	1	0	2	1	0	0	0	0	0	0	1	1	1	3	0
BacV5_Otu_000477	0	10	0	0	0	0	0	0	0	0	0	1	3	1	0	3	0	2	14	42	5	0	0	3	3	1	0	0	0	0	13	19	19	0	1	1	5	0	0	0	0	51
BacV5_Otu_000478	0	4	0	0	1	6	0	0	2	4	0	0	0	0	2	2	0	1	2	0	0	0	0	5	0	30	3	3	0	6	24	11	3	21	6	14	4	3	4	3	3	0
BacV5_Otu_000485	0	9	0	66	11	3	0	6	19	31	1	0	0	0	0	0	0	0	1	0	0	0	0	6	0	0	0	0	0	3	2	7	0	121	4	0	1	0	2	1	0	0
BacV5_Otu_000518	0	4	0	0	0	0	0	0	0	0	0	150	18	8	0	34	8	11	12	1	0	0	0	0	0	0	0	0	0	0	0	0	0	0	0	0	0	0	2	0	0	0
BacV5_Otu_000519	1	8	8	8	7	33	5	1	5	10	6	1	0	0	0	0	0	0	5	2	0	0	0	26	2	1	6	6	0	2	8	5	3	23	3	9	1	15	1	2	12	0
BacV5_Otu_000558	1	14	6	15	15	51	3	4	6	28	4	0	0	0	0	1	0	0	1	0	0	0	0	3	0	0	0	0	0	0	0	0	1	0	0	0	0	5	1	1	3	0
BacV5_Otu_000573	2	9	4	14	20	38	7	11	10	11	6	0	0	0	0	0	0	0	1	0	0	0	1	11	0	0	4	0	0	2	1	0	4	1	0	0	0	21	0	0	11	0
BacV5_Otu_000583	0	0	0	0	0	0	0	0	0	0	0	77	119	2	0	7	18	25	0	0	0	0	0	0	0	0	0	0	0	0	0	0	0	0	0	0	0	0	32	0	0	0
BacV5_Otu_000614	0	15	0	7	0	0	0	0	0	1	0	7	16	41	0	24	80	10	3	3	0	0	0	1	3	0	0	0	0	0	0	0	0	0	0	0	0	0	5	0	0	0
BacV5_Otu_000658	3	4	7	6	20	118	6	2	11	27	13	0	0	0	0	0	0	0	1	0	0	0	0	0	0	0	0	0	0	0	0	0	1	0	0	0	0	5	0	0	0	0
BacV5_Otu_000706	0	1	0	0	0	1	0	2	1	0	0	0	0	0	0	0	0	0	0	0	0	0	0	3	0	41	0	7	0	9	0	6	0	33	11	17	3	13	7	0	5	0
BacV5_Otu_001164	0	7	0	0	0	0	0	0	0	0	0	3	28	12	1	12	19	11	1	4	1	1	0	1	0	0	0	0	0	0	0	0	0	0	0	0	0	0	0	0	0	0
Ftrad_Otu_00001	402	5922	9360	7493	1486	12616	14499	1852	3242	1221	754	12662	24090	3834	2993	31056	17618	4097	3136	11758	13975	18519	33793	6558	6951	2457	4644	306	246	1933	4574	3493	15661	17259	6039	2735	12741	11226	45959	25527	35189	8812
Ftrad_Otu_00002	128	1047	440	408	184	230	3554	182	600	187	363	732	117	121	369	60	83	60	269	75	182	727	363	224	253	101	402	267	48	446	525	99	3617	532	297	1849	343	4968	963	814	2296	1907
Ftrad_Otu_00003	4	4895	432	68	4663	948	115	195	428	192	4869	1526	16	264	7	60	4023	491	8	11	6	161	18	19	38	127	18	311	112	307	935	58	675	568	275	3252	2292	101	2068	254	717	365
Ftrad_Otu_00004	42	327	213	896	165	19	179	232	227	92	52	633	95	142	1608	245	133	48	396	629	983	2126	2492	1022	3421	699	1621	283	197	3009	1327	728	1973	1748	2768	1261	2799	2743	3659	3993	3073	1160
Ftrad_Otu_00005	13	124	342	71	50	8	13	156	181	65	41	708	34	95	54	329	812	12	102	752	89	24	511	246	381	371	391	59	147	640	718	328	1659	1414	940	733	441	1013	542	841	1058	281
Ftrad_Otu_00006	1	9	7	136	4	349	137	8	57	25	169	0	4	17	0	3	42	1	0	0	0	0	2	0	2	93	41	98	22	32	8	31	33	222	80	81	64	85	37	56	9	0
Ftrad_Otu_00007	195	5757	6308	708	396	34	848	1485	523	148	509	878	247	1597	1623	205	31	703	844	4167	475	137	2402	5260	1097	267	8	85	2	76	3080	46	43	3938	1383	124	1404	610	26	5	19	8602
Ftrad_Otu_00008	0	0	0	0	0	0	1	0	0	0	0	0	0	0	0	0	0	0	0	0	0	0	0	0	0	33	27	61	5	38	16	8	24	134	40	23	73	207	52	33	31	1
Ftrad_Otu_00009	230	692	3636	358	122	23	616	3150	6134	1749	416	145	109	1242	106	74	141	361	212	684	333	65	2449	6036	877	39	50	11	34	54	12100	34	900	4500	5592	478	2455	723	13	35	212	2625
Ftrad_Otu_00010	14	665	795	180	334	2	110	88	249	66	812	79	25	232	18	8	1	163	612	2953	16	2	133	1321	215	0	10	11	0	3	30	34	9	217	0	23	19	50	7	0	1	1025
Ftrad_Otu_00011	91	120	1232	500	120	10	302	280	288	122	110	978	1065	656	583	365	663	4547	720	1283	406	1559	3838	1678	1545	929	749	141	46	1359	2358	2826	634	1087	4080	606	1487	716	572	931	54	2518
Ftrad_Otu_00012	15	94	88	139	52	9	74	111	264	112	24	150	8	68	264	47	9	11	148	117	208	155	423	411	172	208	410	80	46	3896	277	238	696	453	557	231	573	958	768	1532	417	174
Ftrad_Otu_00013	215	958	820	632	121	104	1213	233	1385	524	373	417	180	351	484	617	925	45	454	204	384	425	1662	2435	576	189	60	38	34	141	245	169	656	140	70	170	137	637	477	364	422	590
Ftrad_Otu_00014	92	4355	878	268	53	115	880	238	3239	1176	1075	677	165	239	135	212	1208	271	171	1065	62	4595	417	141	1963	164	57	2896	33	53	60	179	241	107	684	11	81	101	31	11	35	22
Ftrad_Otu_00015	88	696	1372	233	87	45	138	286	2869	1144	875	1419	35	624	194	118	42	1268	6146	348	21	27	297	1692	529	1	16	50	0	2	0	2	44	66	0	4	26	39	3	28	15	182
Ftrad_Otu_00016	315	36	86	5188	118	11	117	635	617	251	56	2	0	128	10	3	7	219	36	115	1	0	56	6	4	0	0	0	0	0	0	0	3	0	0	0	3	0	0	0	1	14
Ftrad_Otu_00017	25	179	239	83	11	16	62	100	73	28	49	410	193	2439	254	142	747	147	1607	1014	1222	314	522	2032	282	59	166	109	29	1903	1217	863	483	1119	318	110	583	63	287	341	1506	705
Ftrad_Otu_00018	40	387	1014	209	49	14	49	255	209	89	280	33	6	22	6	25	7	4	67	59	48	32	33	21	157	114	142	40	6	116	205	143	1347	81	46	42	45	178	238	763	286	243
Ftrad_Otu_00019	3	1454	747	82	5	1116	36	125	79	48	19	475	3189	846	0	31	418	1159	83	35	1	233	15	13	149	1	0	0	2	4	5	2	3	1	0	0	4	7	4	1	1	3
Ftrad_Otu_00020	7216	388	1820	319	107	14	668	1538	382	153	207	31	149	240	4568	48	1	370	624	45	61	10	496	106	861	0	5	4	34	9	5	0	1107	78	12	0	25	27	10	35	3	34
Ftrad_Otu_00021	76	1678	410	276	253	4	721	70	269	85	117	106	168	107	148	77	127	177	702	1072	198	36	1638	1131	623	0	182	311	0	481	12	45	36	972	104	1	3	296	4	1017	773	3716
Ftrad_Otu_00022	48	256	93	259	17	32	488	147	169	76	140	4052	15	99	81	40	559	82	150	238	124	352	8139	282	247	111	48	13	21	257	21	6	90	8	35	8	43	82	18	46	33	616
Ftrad_Otu_00023	16	311	4079	412	24	54	151	291	76	27	398	116	69	511	62	59	189	54	244	116	85	245	333	277	247	411	24	15	0	118	206	104	846	377	20	1264	228	2451	856	218	27	271
Ftrad_Otu_00024	7	52	38	57	12	6796	5	18	266	76	445	73	3	12	30	26	154	11	440	1	38	1054	94	7	53	2	6	6	0	6	53	0	319	7	0	0	30	19	8	8	12	55
Ftrad_Otu_00025	72	128	123	174	2093	3	18	65	11857	5158	15	16	93	315	1	67	7	3381	5	148	10	0	38	214	13	170	11	0	3	171	2	0	4	1	0	0	1	7	45	16	6	42
Ftrad_Otu_00026	38	96	278	16	0	1	1	7	9	2	2	4	492	2381	1510	664	15	51	874	41	196	14	1858	27	469	607	510	384	39	394	401	2535	512	853	510	77	306	48	45	100	137	90
Ftrad_Otu_00027	2	1	2	19	1	15	0	8	11	1	14	0	0	32	0	0	0	146	3	174	0	1	1	0	0	0	3	2	0	0	0	0	0	0	0	0	0	0	0	0	2	11
Ftrad_Otu_00028	13	34	874	1047	43	191	105	28	109	26	325	39	0	7	0	5	7	0	0	7	1	3	11	0	3	0	0	0	0	7	0	0	2	5	6	1	0	1	7	0	0	4
Ftrad_Otu_00029	4	15	14	8	51	4	1	17	66	16	17	0	0	0	0	0	0	2	3	2	0	0	1	12	0	0	1	0	0	0	2	0	0	0	0	0	3	19	2	0	4	1
Ftrad_Otu_00030	1	5	5	25	80	45	5	0	9	4	1	5	3	6	14	5	11	2	73	26	14	7	89	64	36	10	3	1	13	24	58	68	57	0	101	44	65	105	36	26	49	50
Ftrad_Otu_00031	22	76	67	143	21	10	13	60	146	59	5	126	47	357	523	182	223	27	91	742	586	321	1331	1317	1104	77	145	55	24	268	130	146	273	119	208	123	236	345	236	182	247	1388
Ftrad_Otu_00032	6	20	91	0	2	8	55	16	38	19	20	2	2	28	33	4	24	1	35	56	24	16	152	50	18	12	3650	168	2	272	18	7	90	496	217	15	13	446	7	474	283	173
Ftrad_Otu_00033	4	121	63	117	2	0	133	8	7	1	5	84	20	27	5	40	10	16	19	27	4	21	135	460	563	4	34	60	0	2	6	2	25	1	0	3	2	4	2	4	10	5
Ftrad_Otu_00034	20	44	38	53	8	1	11	55	144	39	9	25	20	110	158	41	85	11	127	262	231	78	545	835	278	210	317	120	109	1374	429	294	621	645	709	620	728	964	872	537	460	884
Ftrad_Otu_00035	0	14	234	6	17	11	4	1	11	3	13	38	0	0	6	0	0	0	0	0	5	0	1	0	9	0	0	0	0	0	6	0	4	0	0	0	6	0	0	0	0	0
Ftrad_Otu_00036	4	54	184	60	21	1	37	13	99	34	10	77	0	10	10	8	11	3	33	38	125	5	56	17	116	8	22	5	1	23	4	16	80	10	87	14	42	39	31	17	146	88
Ftrad_Otu_00037	7	23	19	19	6	1	6	30	69	29	5	417	3	12	7	45	0	1	19	5	12	12	23	8	267	2	18	5	1	56	44	8	51	15	8	0	7	32	42	27	63	103
Ftrad_Otu_00038	16	155	102	41	14	10	36	112	846	275	25	17	0	2	3	5	0	5	18	31	2	1	48	725	28	30	18	20	0	207	64	22	63	172	9	6	20	237	123	79	126	9
Ftrad_Otu_00040	48	558	718	449	109	101	67	383	2246	845	98	18	2	0	12	1	0	0	45	41	6	17	15	1601	155	9	29	5	9	28	171	32	116	6	3	25	22	211	70	105	38	29
Ftrad_Otu_00042	2	16	8	14	6	3	30	37	20	5	8	9	1	5	0	10	0	0	1	0	0	1	0	0	5	0	7	0	0	0	1	1	101	17	0	3	35	25	20	8	1	8
Ftrad_Otu_00045	9	185	28	6	0	1	11	68	175	83	3	1	0	0	1	3	0	0	0	14	1	1	9	22	38	9	9	11	0	57	47	15	24	116	0	13	18	19	41	25	19	1
Ftrad_Otu_00047	3	32	4	15	20	0	5	0	5	2	2	0	0	0	0	0	0	0	0	0	0	0	4	0	0	12	9	2	1	3	35	3	24	2	0	3	1	10	1	0	3	3
Ftrad_Otu_00048	17	57	36	172	22	53	109	134	114	22	19	3	3	9	67	3	12	2	15	1	46	38	94	88	14	1	7	0	0	6	15	0	0	2	0	15	1	30	5	20	39	28
Ftrad_Otu_00049	0	13	7	3	11	2	0	18	52	12	4	0	0	0	0	0	0	0	1	0	0	0	0	6	0	0	0	2	0	9	0	0	16	0	0	5	6	44	0	2	2	0
Ftrad_Otu_00050	1	2	3	37	3	0	2	3	9	1	1	0	0	0	0	0	0	0	4	1	2	0	8	0	47	2	1	0	0	2	2	0	77	0	12	0	10	0	0	0	1	27
Ftrad_Otu_00051	22	6	0	1	6	0	0	12	0	2	3	61	1	0	4	20	0	0	3	0	22	7	27	29	19	475	0	0	9	18	9	0	42	21	11	48	0	8	7	8	22	0
Ftrad_Otu_00052	11	188	52	18	1	25	0	18	92	35	49	0	0	0	0	0	0	0	0	0	0	0	0	0	0	0	0	0	0	0	0	0	0	0	0	0	0	1	0	0	0	0
Ftrad_Otu_00054	1	4	1	9	11	8	1	4	15	1	1	0	0	0	0	0	0	0	0	0	0	0	0	4	0	9	0	0	0	9	0	0	0	36	16	0	27	65	7	2	24	0
Ftrad_Otu_00055	9	22	22	12	10	5	3	23	42	5	7	3	0	12	7	1	1	2	27	19	8	8	65	85	44	8	2	17	32	68	9	19	19	47	69	97	71	24	48	36	20	43
Ftrad_Otu_00056	4	165	16	14	14	17	47	54	146	59	28	35	0	3	8	4	0	0	50	15	39	0	27	482	14	154	267	10	0	53	52	52	55	48	128	0	22	93	76	46	157	1
Ftrad_Otu_00057	0	9	12	17	9	3	13	16	29	18	35	4	0	3	4	0	0	0	15	10	0	0	3	20	0	20	41	12	5	309	94	11	54	12	25	38	88	91	422	78	181	46
Ftrad_Otu_00058	80	38	87	142	17	5	195	125	160	51	72	71	4	15	38	15	584	3	6	1	7	23	27	84	8	3	0	0	3	16	20	7	0	0	9	0	5	8	17	8	4	0
Ftrad_Otu_00059	4	96	17	36	3	2	2	41	46	13	3	0	0	0	0	0	0	1	2	0	0	0	0	59	0	11	439	22	10	146	181	35	303	142	26	7	173	419	243	104	150	5
Ftrad_Otu_00060	5	11	11	63	17	0	15	10	38	18	2	3	1	7	11	6	1	0	6	38	6	2	30	42	39	35	10	23	3	71	64	21	83	48	53	47	41	121	46	41	47	68
Ftrad_Otu_00061	0	0	3	0	2	15	3	1	4	6	0	36	1	0	29	12	0	0	15	8	24	11	89	99	128	0	6	0	0	0	3	0	0	1	34	0	4	7	3	7	3	9
Ftrad_Otu_00062	0	0	0	0	1	2	0	0	0	0	0	41	8	4	0	1	0	0	10	19	3	0	5	22	596	0	0	0	0	0	0	0	0	0	25	0	0	0	0	1	0	0
Ftrad_Otu_00064	0	0	0	0	0	0	0	0	0	0	0	0	0	0	0	0	0	0	0	0	0	0	0	0	0	15	5	2	6	12	6	1	17	102	177	255	130	131	46	74	23	1
Ftrad_Otu_00066	11	59	143	18	4	3	55	4	52	19	6	3	0	8	33	1	0	1	104	2	0	2	29	30	2	0	0	6	0	0	0	0	0	0	0	0	0	0	3	0	0	1
Ftrad_Otu_00067	0	12	7	1	38	0	1	3	52	22	7	1	0	1	0	0	1	0	4	0	5	1	3	23	55	0	0	0	0	0	5	0	0	7	0	6	0	0	5	15	0	0
Ftrad_Otu_00070	1	1	1	0	1	1	1006	0	0	0	12	5	2	14	9	0	23	4	4	66	10	4	687	4	136	0	0	0	0	0	0	4	0	0	0	2	121	24	0	0	1	10
Ftrad_Otu_00071	37	63	41	173	47	25	182	90	237	101	315	69	1	8	362	56	14	10	24	1	6	212	15	3	34	1	4	3	0	7	5	0	6	2	0	39	9	0	7	0	10	5
Ftrad_Otu_00072	1	18	5	2	0	0	0	0	7	5	0	7	9	3	31	6	4	1	40	41	15	2	75	16	1025	16	7	0	3	1	9	1	13	20	11	0	1	23	32	4	6	289
Ftrad_Otu_00073	3	48	16	39	3	2	18	2	318	9	18	13	60	11	66	7	0	67	14	62	2	6	6	60	6	3	11	0	0	0	2	0	0	0	0	10	0	0	0	3	3	3
Ftrad_Otu_00075	0	0	0	0	3	0	72	0	17	8	0	6	0	0	141	45	0	0	16	56	138	15	218	281	0	0	0	2	0	0	33	0	0	0	0	0	0	0	4	0	0	0
Ftrad_Otu_00076	25	28	3	1	16	9	15	26	18	26	15	0	0	2	0	0	0	0	10	9	0	0	2	31	9	0	0	0	0	24	0	10	0	0	0	0	0	0	7	3	2	0
Ftrad_Otu_00080	3	1	0	6	0	1	10	0	7	2	1	1	0	0	1	11	0	0	0	0	9	3	32	0	23	0	8	0	0	17	5	33	6	0	0	9	10	11	22	7	6	7
Ftrad_Otu_00082	1	28	0	10	0	0	3	1	55	4	0	2	1	0	2	6	82	0	0	0	0	0	0	9	6	21	0	3	0	12	0	0	0	4	1	0	0	3	0	1	0	10
Ftrad_Otu_00084	1	40	32	2	19	11	5	222	119	40	15	1	8	7	5	0	1	16	2	9	1	4	7	22	1	0	0	0	0	0	2	0	0	20	0	0	0	0	0	0	19	19
Ftrad_Otu_00085	0	5	0	4	0	0	1	0	0	2	3	0	1	5	0	0	0	4	9	16	0	0	0	24	107	0	0	0	0	19	0	0	0	0	0	0	0	0	0	0	10	65
Ftrad_Otu_00087	0	0	0	1	0	0	0	0	0	0	0	0	0	0	0	0	0	0	0	5	10	0	0	6	0	0	23	3	0	140	5	1	41	24	63	0	0	0	5	6	1	0
Ftrad_Otu_00088	4	2	36	1	18	1	2	1	6	1	7	1	4	1	0	0	0	0	0	0	1	77	3	0	3	0	4	0	0	7	2	0	14	2	0	0	0	10	1	6	15	2
Ftrad_Otu_00089	1	4	0	0	0	0	0	2	265	84	0	4	0	11	2	0	0	0	88	1	14	0	6	9	7	0	0	0	129	0	5	4	11	0	0	0	6	14	16	32	3	7
Ftrad_Otu_00092	22	62	34	49	7	4	50	41	15	7	4	9	3	3	12	3	2	7	0	1	9	9	29	7	33	0	0	3	0	39	2	0	11	3	0	99	2	0	1	1	4	3
Ftrad_Otu_00093	2	20	25	8	2	0	1	1	1	1	4	0	3	30	2	16	0	1	8	5	4	4	20	3	8	28	172	44	3	37	59	68	149	20	13	6	17	30	23	51	27	3
Ftrad_Otu_00095	0	0	4	4	3	3	21	12	1	0	16	14	2	0	0	0	0	2	0	0	1	0	0	0	0	0	0	0	0	0	3	0	0	10	0	0	5	96	27	21	0	0
Ftrad_Otu_00096	0	20	23	2	2	0	0	1	27	6	5	0	0	0	35	15	0	0	0	67	8	13	1	0	3	0	0	0	0	0	0	0	13	6	0	0	0	0	14	0	0	0
Ftrad_Otu_00099	0	0	0	4	2	0	0	0	0	1	0	1	0	6	2	0	0	0	0	8	0	0	5	10	0	14	11	1	7	46	17	10	13	17	19	32	24	5	46	8	12	8
Ftrad_Otu_00101	4	5	12	38	6	0	1	2	0	0	3	0	7	1	39	6	2	0	2	2	29	7	11	0	195	0	0	0	0	0	3	0	2	0	0	0	0	17	10	0	0	7
Ftrad_Otu_00106	1	24	10	1	2	3	1	1	41	10	6	1	0	10	9	0	0	5	16	12	9	0	34	264	25	0	0	4	0	10	7	0	7	38	0	0	0	19	1	3	3	2
Ftrad_Otu_00108	0	11	1	3	1	1	0	1	86	32	2	0	0	0	0	0	0	0	0	0	0	0	0	0	0	4	0	0	2	8	4	1	11	30	0	0	0	0	16	1	8	0
Ftrad_Otu_00109	0	9	0	1	0	0	0	1	0	0	0	0	0	7	0	1	1	0	2	2	3	1	31	35	7	3	3	0	0	37	7	7	37	26	16	1	19	15	19	27	13	21
Ftrad_Otu_00111	1	37	71	7	7	2	8	4	28	13	12	0	0	0	0	0	0	1	2	4	0	0	1	5	0	0	0	6	0	1	4	7	0	1	28	15	15	3	3	4	2	1
Ftrad_Otu_00113	0	2	7	4	0	0	0	0	1	2	2	0	0	0	0	0	0	0	0	2	0	0	0	1	0	9	10	0	0	31	14	3	21	3	0	5	3	140	26	8	14	0
Ftrad_Otu_00114	3	4	9	11	8	0	1	0	8	3	1	0	0	7	2	1	1	0	3	28	4	1	7	11	19	2	2	15	9	18	12	6	35	6	30	9	15	31	15	25	19	33
Ftrad_Otu_00119	0	12	29	7	2	0	3	0	2	0	2	6	4	0	2	0	8	0	1	9	38	0	11	247	6	0	0	0	3	0	3	0	9	0	0	0	0	3	0	0	0	1
Ftrad_Otu_00121	2	2	2	50	3	2	0	4	4	8	1	5	0	20	1	4	2	0	146	1	2	0	23	26	6	0	0	0	0	18	20	9	0	16	23	14	8	7	12	4	1	0
Ftrad_Otu_00122	3	13	2	1	4	3	0	10	47	10	4	0	0	4	0	0	0	1	11	19	16	0	12	109	8	3	43	3	0	29	5	0	11	44	0	0	11	21	14	9	7	1
Ftrad_Otu_00124	0	3	4	1	0	0	2	3	0	8	3	2	0	1	53	0	0	0	125	2	10	1	9	7	16	0	0	0	0	9	0	1	0	12	7	0	0	0	1	4	0	14
Ftrad_Otu_00125	3	4	3	6	0	6	0	2	15	13	0	0	0	0	1	0	0	0	4	26	1	0	8	107	7	0	0	7	0	0	2	9	4	1	0	14	0	37	1	5	1	6
Ftrad_Otu_00126	0	5	2	6	1	0	2	3	2	2	3	5	0	0	23	5	0	0	4	22	0	0	2	91	0	1	2	2	0	9	0	3	0	2	18	3	8	11	10	14	0	1
Ftrad_Otu_00129	2	16	15	22	4	1	1	0	11	15	7	0	0	1	18	3	0	0	15	15	12	2	42	93	22	0	0	0	0	3	9	1	0	20	0	71	4	7	28	4	11	5
Ftrad_Otu_00130	0	2	0	0	3	7	0	2	5	4	0	0	2	0	16	0	1	0	5	11	1	2	9	10	36	2	0	0	0	0	0	0	1	6	5	11	3	0	25	4	1	9
Ftrad_Otu_00132	0	3	0	0	0	0	0	0	6	1	0	0	0	0	3	0	0	0	0	0	0	0	0	6	0	11	5	0	0	27	23	4	39	15	2	0	0	18	6	11	5	0
Ftrad_Otu_00139	2	0	0	0	1	0	0	0	7	1	0	0	1	0	1	2	1	0	2	0	4	1	9	0	0	3	4	1	4	4	6	1	15	11	12	0	13	11	5	1	1	0
Ftrad_Otu_00144	10	118	26	1	6	0	0	10	6	0	3	21	0	6	6	5	0	2	0	8	0	0	35	4	11	0	5	0	0	1	252	0	14	0	4	0	10	4	0	3	18	17
Ftrad_Otu_00158	0	1	5	9	2	0	0	1	8	2	1	0	0	8	2	1	3	1	1	1	0	0	13	56	10	4	7	5	2	4	6	2	5	20	37	11	25	3	8	11	1	13
Ftrad_Otu_00163	0	2	2	0	0	0	14	19	35	24	19	0	0	0	1	0	0	0	24	0	0	0	0	2	0	0	0	0	0	9	3	0	7	0	0	0	1	5	4	0	0	0
Ftrad_Otu_00165	0	2	1	2	2	0	4	9	189	106	1	0	0	0	0	0	0	0	15	0	0	0	0	5	0	11	0	0	0	10	0	0	6	3	0	0	2	28	4	2	0	0
Ftrad_Otu_00167	0	1	1	0	1	0	0	0	0	1	0	1	0	0	1	1	4	0	2	5	3	3	19	14	0	1	4	1	0	12	3	4	7	0	7	11	6	0	4	12	2	37
Ftrad_Otu_00170	0	34	1	31	0	0	92	3	0	0	2	1	0	13	0	1	0	0	1	6	15	2	66	2	1	0	0	0	0	4	0	8	0	0	3	0	4	5	4	0	2	46
Ftrad_Otu_00172	1	353	21	16	0	35	11	5	11	3	1	0	0	3	0	12	5	0	2	1	2	25	3	7	9	3	0	0	0	20	3	0	2	0	0	7	0	0	3	0	0	4
Ftrad_Otu_00174	5	57	12	15	9	8	3	25	129	45	24	0	0	0	0	0	0	0	1	0	0	0	1	0	0	0	0	0	0	0	0	0	6	0	0	0	0	0	1	8	2	0
Ftrad_Otu_00185	0	2	0	1	1	1	17	27	17	22	21	0	1	1	0	2	0	1	4	3	0	0	1	7	0	0	0	0	0	3	2	18	0	0	8	0	0	11	0	3	0	1
Ftrad_Otu_00194	1	3	13	1	0	0	3	90	6	0	11	10	1	12	1	2	0	5	0	7	0	0	6	6	10	1	0	3	0	0	3	1	1	23	211	11	0	0	0	0	1	2
Ftrad_Otu_00213	0	4	2	3	3	1	0	4	0	1	0	2	0	5	6	2	2	0	2	8	5	4	17	18	9	7	5	0	0	58	9	7	2	12	10	8	3	6	2	5	9	12
Ftrad_Otu_00216	2	0	3	1	0	0	0	2	13	2	0	0	1	1	4	0	1	0	4	5	2	1	11	9	0	0	0	0	0	0	1	2	0	0	34	12	0	6	3	8	4	51
Ftrad_Otu_00219	0	2	2	0	0	0	17	1	2	0	2	6	1	13	2	2	4	3	18	13	8	3	7	23	1	0	0	0	1	15	14	10	4	10	2	0	22	1	5	4	9	8
Ftrad_Otu_00224	4	15	1	6	2	0	5	16	0	0	1	53	0	0	30	0	0	0	3	0	0	2	1	0	0	4	0	0	0	0	0	0	1	0	1	0	16	0	1	1	2	0
Ftrad_Otu_00234	0	0	12	2	1	0	2	2	3	0	1	7	6	4	7	4	5	26	4	5	5	8	26	14	17	9	8	0	0	9	11	32	5	9	33	7	9	6	1	5	0	11
Ftrad_Otu_00235	14	11	13	28	64	39	0	0	0	0	0	0	0	0	0	0	0	0	0	0	0	0	0	0	0	0	0	0	0	0	0	0	0	0	0	0	0	0	0	0	0	0
Ftrad_Otu_00249	0	0	0	0	33	0	2	0	30	8	1	0	0	1	0	0	0	0	0	0	0	3	2	0	0	7	11	0	0	22	4	4	0	0	0	0	0	12	0	0	2	1
Ftrad_Otu_00251	18	11	20	0	0	1	1	36	21	8	2	0	0	0	7	0	0	0	0	0	0	0	4	0	0	0	0	0	0	0	0	1	0	0	0	0	0	0	0	0	0	0
Ftrad_Otu_00278	0	2	3	1	0	0	0	2	11	0	0	0	0	0	1	2	0	0	0	6	2	1	4	4	1	10	1	6	23	25	12	17	5	13	27	22	8	11	4	10	5	2
Ftrad_Otu_00343	2	1	0	3	0	0	0	0	4	1	0	1	0	0	0	0	0	0	17	0	29	0	0	0	0	0	0	0	0	37	0	0	0	30	102	0	0	0	1	19	7	0
Ftrad_Otu_00356	0	0	0	0	0	0	0	0	0	0	0	0	0	11	6	0	0	0	1	5	8	0	35	3	4	22	0	0	0	32	16	11	0	23	1	67	6	16	46	12	14	0
Ftrad_Otu_00414	0	1	0	0	0	1	15	19	12	15	13	0	0	0	0	0	0	0	0	0	0	0	0	0	0	0	0	0	0	0	0	0	8	4	0	0	0	0	0	0	0	0
Ftrad_Otu_00502	13	42	20	11	6	10	1	2	0	0	3	0	0	0	0	0	0	0	0	0	0	0	0	0	0	13	0	45	0	0	0	0	0	0	0	11	0	0	0	0	0	0
Otrad_Otu_00001	323	176	13832	24992	17446	10120	17728	35545	57926	33423	13433	11863	121	63	454	57	52285	61363	4263	23064	200	1874	33290	61775	3069	48494	41387	44096	14744	30383	4908	60982	6031	48033	47448	61339	72208	18687	8634	11838	6600	27207
Otrad_Otu_00002	5320	10461	3606	1223	5044	3542	272	72	172	107	116	11952	14333	13704	10903	10243	102275	156445	12867	4786	12965	13523	557	1785	10878	9	39	31	21	60	88	13	43	20	5	90	0	297	331	468	425	33345
Otrad_Otu_00003	0	0	229	630	1880	586	345	11	186	96	10	0	0	1	0	0	1	0	0	0	0	0	0	21	2	25	116	30	54	353	1613	94	647	13	3	7	0	1275	3838	1329	1503	61
Otrad_Otu_00008	0	0	155	41	0	0	0	1	0	0	2	0	0	0	0	0	0	0	0	0	0	0	0	1	0	0	35	0	0	0	0	0	0	0	0	0	0	48	0	31	1	6
Otrad_Otu_00011	0	0	3	12	0	0	98	1	11	9	0	0	0	0	0	0	0	0	0	0	0	0	0	1	0	0	1	0	0	4	86	0	94	0	0	0	0	121	140	30	470	2
Otrad_Otu_00024	1	0	64	126	50	45	126	154	272	167	70	31	1	0	1	0	92	153	13	86	1	4	124	289	10	206	126	215	55	51	28	333	39	239	215	194	298	158	41	34	0	169
Otrad_Otu_00030	0	0	10	2	0	12	0	0	0	3	0	0	0	0	0	0	0	0	0	0	0	0	0	4	0	3	0	0	0	15	1	0	227	0	0	0	0	28	109	0	0	1
Otrad_Otu_00034	0	0	0	0	0	0	0	0	0	0	0	0	0	0	0	0	0	0	0	2	0	0	0	0	0	0	0	0	0	91	3135	0	0	7	0	90	0	0	883	0	1615	0
Otrad_Otu_00042	0	0	0	3	0	11	15	3	2	4	2	0	0	0	0	0	0	0	0	0	0	0	0	0	0	4	16	4	12	117	450	16	52	2	1	0	0	124	281	326	211	1
Otrad_Otu_00055	0	0	3	26	19	20	5	0	2	0	0	0	0	0	0	0	0	0	0	0	0	0	0	0	0	0	3	1	1	9	53	1	15	1	0	1	0	35	127	37	37	0
Otrad_Otu_00126	0	0	0	0	0	0	0	7	3	9	0	5	0	0	0	0	25	22	1	9	0	1	12	16	0	2	0	1	0	0	0	3	0	6	6	0	37	0	0	0	0	0
Otrad_Otu_00147	0	0	0	2	0	2	0	0	0	0	1	0	0	0	0	0	0	0	0	0	0	0	0	0	0	0	1	0	0	20	0	1	41	0	0	0	0	65	23	14	62	0