ID	S78	S79	S80	S81	S84	S86	S87	S88	S89	S90	S91	S93	S94	S95	S96	S97	S98	S99	S103	S106	S107	S211	S220	S221	S223	S224	S225	S226	S212	S213	S214	S251	S252	S215	S216	S217	S218	S219
BacV5_Otu_000002	295	558	517	962	2910	579	266	3126	17927	1440	5848	30	46	11	43	27	14	399	6	4	0	10	9	37	3	76	18	43	44	37	31	2769	5099	30	16	35	4	70
BacV5_Otu_000003	1015	110	1903	47	60	678	14	460	1065	3628	2002	370	563	197	1200	115	1162	178	371	9	119	161	61	18	15	119	54	34	34	8	21	53	267	2	6	15	8	15
BacV5_Otu_000004	23	36	149	70	36	16	36	52	55	132	95	1182	700	1753	561	2009	441	280	138	566	999	1031	1696	1125	496	5601	1684	534	1474	1533	799	366	218	983	1028	548	487	1568
BacV5_Otu_000005	423	485	217	260	272	91	130	309	406	851	176	39	219	126	118	112	10	47	12	15	64	86	6	20	2	62	7	8	12	33	22	1537	1065	0	26	6	14	5
BacV5_Otu_000006	0	0	1	0	0	0	1	0	2	1	0	0	0	0	2	11	5	0	0	1	0	951	1724	718	1238	1175	2559	9382	4141	1432	4476	2385	1081	4926	6693	4184	2476	3279
BacV5_Otu_000007	990	1035	1268	656	911	1082	405	2111	3047	3705	2311	29	1253	155	12	22	44	593	10	0	12	25	13	38	11	34	5	119	18	16	32	580	2494	1	8	5	86	11
BacV5_Otu_000008	7	6	114	4	8	12	24	5	20	4	881	1333	1289	1185	910	1294	599	409	348	38	193	3475	1918	1276	928	3420	1445	3218	706	529	1146	523	113	956	1188	1400	929	468
BacV5_Otu_000009	1	0	0	1	0	0	0	1	0	0	1	25	24	2	1	5	5	0	0	0	0	94	135	117	181	143	237	909	381	116	460	260	85	411	563	353	250	248
BacV5_Otu_000010	399	63	204	267	64	395	65	1015	1811	1586	1555	61	139	234	64	186	87	132	21	59	53	50	11	59	8	55	77	1114	44	106	51	805	601	30	39	0	21	94
BacV5_Otu_000011	14	5	16	4	19	8	8	5	13	31	19	235	435	1485	159	322	90	76	37	93	163	3811	775	2779	122	1945	2466	276	1237	567	360	114	41	922	414	781	1344	1012
BacV5_Otu_000012	5	3	19	14	8	7	5	21	18	17	8	34	42	50	53	77	188	8	4	29	27	2458	186	639	295	195	322	195	328	223	445	176	35	429	400	203	723	402
BacV5_Otu_000013	29	5	29	39	12	8	8	30	125	61	29	37	25	32	27	67	41	1	5	23	0	81	42	74	3	58	91	55	169	54	116	90	24	45	71	26	64	260
BacV5_Otu_000014	120	35	79	137	158	23	149	85	132	74	59	2	127	679	1	3	3	40	1	0	0	4	5	8	0	3	1	1	4	2	0	727	61	3	6	7	7	8
BacV5_Otu_000015	76	16	105	36	32	65	41	123	459	104	109	483	78	77	108	132	990	235	400	4	9	11	11	40	3	10	23	22	31	12	24	148	178	15	7	4	14	120
BacV5_Otu_000016	97	41	1230	8	133	36	2	16	71	36	963	3	1498	78	99	32	19	8	8	0	1	3	0	3	1	2	0	1	17	69	8	58	1	0	0	2	2	0
BacV5_Otu_000022	0	5	12	2	1	0	0	1	3	3	0	19	183	403	11	6	5	17	14	23	161	0	2	5	0	2	0	0	7	0	12	21	0	0	3	1	0	2
BacV5_Otu_000025	181	59	934	156	256	282	502	355	569	613	615	8	39	77	33	27	22	22	2	1	47	43	7	17	1	44	41	2	17	10	1	743	185	0	9	0	10	24
BacV5_Otu_000027	6	4	4	17	13	5	5	5	15	21	18	24	47	232	82	394	43	34	4	55	47	120	46	237	14	3856	590	85	68	75	133	47	17	18	13	36	29	149
BacV5_Otu_000028	509	59	276	8	33	78	8	18	3	2730	731	1	3	5	939	3	3	1	353	0	0	0	0	1	0	0	0	0	0	0	1	95	0	0	0	0	3	4
BacV5_Otu_000030	5	3	53	67	7	27	21	17	7	36	20	54	144	263	93	233	74	44	25	138	54	18	10	50	5	72	65	46	52	89	51	62	27	18	21	2	67	43
BacV5_Otu_000031	66	3	13	5	0	4	2	343	88	96	16	3	56	65	1	6	2	13	2	0	1	3	6	7	1	21	9	3	10	5	13	192	6	0	0	5	0	10
BacV5_Otu_000033	2	7	15	11	13	2	4	29	18	26	18	844	46	131	182	194	736	8	35	32	83	23	698	108	11	70	96	227	56	32	40	24	4	115	23	46	128	53
BacV5_Otu_000034	12	3	44	29	6	6	8	14	12	59	27	11	43	67	32	177	19	5	8	47	14	33	29	231	11	120	187	0	130	34	31	58	18	43	66	17	3	87
BacV5_Otu_000036	178	18	596	13	78	8	21	999	303	156	412	9	5	0	4	4	0	1	0	0	0	8	0	5	0	14	1	7	3	3	3	45	14	0	0	16	0	0
BacV5_Otu_000037	427	348	161	51	243	27	10	1497	890	1058	15	2	4	0	4	6	2	52	1	1	1	0	0	0	0	6	4	3	8	6	11	10	13	0	0	9	1	1
BacV5_Otu_000039	2	31	0	10	2	6	1	16	5	4	12	27	9	190	9	14	2	18	6	5	1	9	1	0	0	6	28	1	9	0	0	0	1	0	0	19	0	4
BacV5_Otu_000040	6	0	15	11	2	3	1	10	4	34	3	122	9	33	25	102	47	2	7	25	9	71	29	73	5	63	115	40	131	59	105	20	6	21	14	41	33	54
BacV5_Otu_000041	3	0	8	3	4	4	0	14	25	23	7	92	8	18	46	60	64	11	2	17	10	132	16	89	11	113	198	73	247	94	206	51	17	32	34	14	34	53
BacV5_Otu_000042	250	570	12	355	779	590	996	347	3	433	2174	0	2	0	2	1	0	0	0	0	0	2	0	0	0	0	0	0	0	0	0	724	520	0	0	0	0	0
BacV5_Otu_000043	2	0	8	5	7	1	0	4	5	17	3	113	180	219	124	221	68	59	29	56	59	18	18	29	10	23	29	1	28	28	21	6	4	12	14	6	6	50
BacV5_Otu_000044	1	0	2	1	0	0	2	1	3	0	1	1286	3258	1277	539	952	501	252	274	762	1287	0	0	13	0	0	6	0	7	5	0	0	26	22	0	0	60	4
BacV5_Otu_000045	1	3	37	1	0	2	1	0	3	23	2	199	54	306	19	50	501	9	6	8	311	0	54	74	6	1191	22	58	101	8	36	27	17	132	107	124	58	51
BacV5_Otu_000046	0	0	14	0	0	7	0	0	0	8	2	62	26	532	9	39	181	220	26	0	469	400	427	717	1186	341	886	71	630	197	133	0	1	737	684	263	835	532
BacV5_Otu_000048	15	0	3	2	0	0	1	0	4	6	29	3	23	46	150	47	25	2	21	155	9	2	3	3	0	3	34	0	7	12	0	102	8	0	0	1	0	5
BacV5_Otu_000050	12	0	5	7	14	0	1	6	13	10	39	89	7	54	93	5	29	4	4	0	2	38	0	3	0	3	3	1	7	2	19	3	0	1	0	3	0	5
BacV5_Otu_000051	1	1	5	0	0	1	1	0	3	0	2	3308	2273	1396	565	554	669	316	85	355	266	6	0	0	0	3	11	0	0	0	2	9	1	0	0	0	37	0
BacV5_Otu_000052	2	2	4	123	13	23	81	16	6	1551	49	19	407	38	16	49	42	5	10	39	9	55	37	41	41	33	82	122	90	42	48	128	38	68	119	58	51	96
BacV5_Otu_000053	6	8	104	56	103	10	9	18	12	84	7	196	189	283	3	1	279	200	0	4	0	3	0	1	0	0	1	0	0	0	0	16	208	0	0	0	0	0
BacV5_Otu_000055	180	23	133	76	31	61	42	62	57	388	129	672	273	194	33	28	175	349	24	0	8	68	142	90	0	5	365	20	15	15	35	121	90	172	97	65	24	93
BacV5_Otu_000056	13	13	55	34	6	10	5	5	10	38	44	39	44	90	30	115	21	8	5	34	33	105	74	131	21	242	51	21	164	22	9	52	28	227	151	19	29	251
BacV5_Otu_000057	12	16	49	26	15	4	7	40	72	58	0	130	21	45	44	101	158	6	13	37	14	8	5	18	9	23	22	43	39	13	30	23	9	11	11	9	14	33
BacV5_Otu_000058	4	8	25	58	92	25	397	17	25	165	238	8	920	39	32	287	11	13	1	19	9	10	2	19	0	45	35	11	16	29	13	29	17	5	11	11	10	12
BacV5_Otu_000059	6	1	16	8	4	3	1	17	19	21	5	13	16	28	16	29	25	3	1	15	4	75	12	39	11	88	121	50	176	47	96	69	16	38	40	6	18	49
BacV5_Otu_000060	414	13	27	0	24	2	1	34	168	1	548	0	0	0	0	6	0	1	1	0	0	3	0	0	0	0	0	2	0	5	2	8	0	0	0	0	0	0
BacV5_Otu_000061	1	1	1	9	10	83	175	111	56	722	67	19	131	53	59	23	1054	97	307	0	4	1	13	264	5	7	16	9	6	10	18	33	62	20	36	508	370	435
BacV5_Otu_000062	2	3	7	2	1	0	0	8	7	1	2	20	157	200	42	41	19	4	11	28	21	5	0	2	0	4	5	3	20	0	10	6	14	7	5	0	0	3
BacV5_Otu_000063	7	1	8	8	5	4	4	6	18	11	2	105	36	76	44	56	58	9	9	16	19	13	8	14	3	29	36	5	37	12	16	11	3	8	1	7	19	14
BacV5_Otu_000064	15	8	16	6	10	6	4	35	43	28	28	267	17	26	42	66	53	8	8	16	3	0	1	4	1	1	1	3	4	0	3	10	19	0	0	18	1	1
BacV5_Otu_000065	10	4	32	11	12	6	7	26	27	14	10	21	30	29	45	66	50	4	4	27	10	63	27	38	7	53	114	36	143	42	174	66	17	19	94	4	18	40
BacV5_Otu_000066	15	3	5	37	97	9	46	11	1	257	21	1	14	22	10	44	10	2	0	12	10	0	0	11	0	13	4	6	3	1	1	15	10	2	0	0	0	4
BacV5_Otu_000067	26	3	0	0	1	10	4	5	130	254	10	0	0	168	331	2	1	0	1	0	0	0	2	0	0	0	2	0	1	0	1	177	4	0	1	0	2	0
BacV5_Otu_000068	3	9	11	28	6	4	10	29	13	61	153	1	18	14	2	18	3	20	3	5	8	11	57	515	9	3	0	2	20	10	14	12	10	104	5	31	8	48
BacV5_Otu_000069	0	0	0	1	0	0	2	0	0	6	0	3	24	12	5	15	2	0	2	8	4	10	148	197	3	18	126	49	32	14	91	0	1	7	0	9	6	61
BacV5_Otu_000071	8	5	20	16	9	8	0	26	35	27	23	244	55	123	71	202	307	16	34	49	63	16	9	15	2	23	38	18	51	23	68	8	6	12	11	6	10	17
BacV5_Otu_000072	1	0	3	0	0	1	0	3	5	5	4	2	11	26	21	59	6	1	2	88	5	100	77	97	86	66	157	7	105	38	29	32	16	132	102	23	55	73
BacV5_Otu_000073	5	1	21	4	7	4	2	7	6	32	9	21	33	92	44	147	51	10	31	78	16	19	1	20	1	17	40	2	21	16	23	46	12	1	2	3	2	9
BacV5_Otu_000074	5	1	17	13	3	2	7	13	9	29	8	34	59	56	30	88	69	5	8	32	16	60	34	68	12	114	170	91	181	47	97	44	16	22	45	20	25	63
BacV5_Otu_000075	17	28	22	37	36	27	14	19	68	725	411	18	19	1	0	3	11	3	2	0	3	0	0	10	0	3	33	0	28	1	0	18	12	60	0	6	7	1
BacV5_Otu_000076	7	0	0	0	1	1	0	7	4	1	0	0	17	0	0	7	4	0	2	1	0	1	10	10	0	10	32	0	1	20	79	1	0	0	5	28	0	3
BacV5_Otu_000077	3	2	1	11	5	4	9	11	32	16	13	27	60	27	0	4	6	0	1	1	1	8	5	5	4	5	2	0	5	4	12	33	30	2	1	20	3	27
BacV5_Otu_000080	11	4	36	4	55	0	10	1	4	4	115	29	5	21	5	12	21	5	0	4	0	20	99	46	15	14	36	92	41	25	72	16	6	58	74	49	58	27
BacV5_Otu_000081	10	2	12	22	4	2	17	16	124	25	30	31	80	5	8	17	37	0	0	6	2	9	3	13	1	16	11	7	21	5	41	17	23	14	7	13	15	40
BacV5_Otu_000083	7	9	16	5	8	1	1	4	5	10	4	19	46	93	28	116	21	7	3	33	18	6	16	16	18	23	34	0	16	35	2	19	5	0	5	1	7	35
BacV5_Otu_000084	0	0	0	0	0	0	0	0	0	0	6	2	0	34	1	9	0	3	0	9	0	5	9	2	0	4	13	9	7	20	37	10	10	17	52	38	12	2
BacV5_Otu_000085	9	2	10	15	6	2	5	6	10	31	18	0	11	31	7	27	6	0	0	8	2	1	0	0	0	0	0	0	0	0	0	44	21	1	0	0	0	17
BacV5_Otu_000086	23	7	502	159	168	43	31	39	64	156	12	1	3	0	0	0	0	0	0	0	0	0	0	3	0	0	1	1	1	0	0	26	70	0	0	0	0	0
BacV5_Otu_000088	1	0	2	0	1	1	0	0	0	3	2	1	7	3	2	14	1	0	0	1	2	85	101	97	36	12	76	1	93	8	28	2	5	282	213	74	145	106
BacV5_Otu_000089	2	4	23	4	4	1	0	4	4	5	3	11	36	219	41	110	14	7	28	34	24	5	1	10	1	4	17	0	6	10	1	17	5	0	0	4	2	7
BacV5_Otu_000090	5	1	5	8	1	1	9	7	10	11	5	115	848	80	9	25	46	6	14	5	11	41	12	19	10	29	95	30	89	26	73	6	3	17	16	12	20	49
BacV5_Otu_000092	1	4	7	5	5	4	0	13	4	17	13	39	7	5	13	24	102	0	0	11	6	32	1	19	4	25	50	18	52	9	39	9	0	20	14	10	16	59
BacV5_Otu_000093	20	102	37	8	7	0	3	22	92	5	8	15	271	5	0	6	11	2	9	0	1	64	1000	114	1	11	70	271	15	6	102	15	0	84	1	104	117	258
BacV5_Otu_000094	1	0	79	10	0	2	0	0	7	5	0	6	10	4	5	6	22	5	5	5	9	74	106	362	157	256	262	40	344	51	122	7	2	204	215	77	107	405
BacV5_Otu_000095	1	0	8	2	0	1	2	3	2	13	3	2	78	41	12	108	3	7	10	14	6	125	3	15	1	13	47	5	41	8	18	38	18	9	165	1	38	14
BacV5_Otu_000096	3	1	13	7	7	3	6	8	10	18	3	9	10	30	28	70	34	2	1	15	9	13	15	21	1	14	26	8	30	3	34	28	6	13	10	1	9	36
BacV5_Otu_000097	3	1	7	7	9	1	3	5	3	6	3	2	11	10	17	18	3	2	1	12	3	12	0	25	0	32	35	7	37	9	22	44	6	0	3	1	4	22
BacV5_Otu_000098	2	0	12	6	0	0	1	5	3	19	0	10	10	20	6	70	12	1	2	30	8	2	3	3	0	3	1	0	9	0	1	14	13	1	0	0	0	1
BacV5_Otu_000099	0	0	60	0	1	2	2	1	0	0	1	148	169	114	29	184	120	1606	53	4	8	0	35	0	0	37	0	5	5	0	0	9	186	0	246	4	20	0
BacV5_Otu_000100	2	2	12	9	3	3	3	3	1	1	0	19	6	11	74	12	21	3	3	5	15	36	3	38	138	22	88	92	20	26	96	57	0	3	23	3	2	67
BacV5_Otu_000101	7	2	3	2	5	0	2	3	2	2	3	18	27	10	22	17	12	2	20	3	3	1856	10	11	2	19	34	12	13	6	7	14	6	4	28	7	7	12
BacV5_Otu_000102	2	1	13	6	5	2	3	10	4	13	0	8	21	13	11	40	10	1	2	27	1	33	5	24	1	29	53	9	82	13	44	25	7	10	11	3	11	25
BacV5_Otu_000103	1	1	7	2	0	0	0	0	0	3	0	12	38	153	22	80	2	4	29	52	16	2	1	3	3	4	6	1	6	4	3	2	1	0	0	5	0	2
BacV5_Otu_000104	2	0	5	4	2	1	0	1	1	33	0	14	6	8	6	16	9	1	0	1	1	7	2	11	0	23	22	0	51	7	41	30	2	5	6	1	20	39
BacV5_Otu_000105	0	4	15	11	4	7	6	25	0	10	2	44	65	9	1	6	45	9	13	0	4	81	40	188	58	15	50	14	57	26	13	2	22	101	162	63	94	147
BacV5_Otu_000106	2	2	15	3	1	0	1	1	4	0	0	4	31	285	7	23	4	1	0	3	0	0	1	13	1	17	8	0	6	10	0	11	1	3	0	80	0	20
BacV5_Otu_000107	18	3	42	21	19	3	7	12	5	35	87	0	4	2	7	10	0	0	0	3	1	0	0	5	0	6	40	0	25	11	22	1	0	10	5	0	0	15
BacV5_Otu_000112	0	0	1	2	1	0	22	0	0	32	2	0	286	10	1	5	0	3	1	0	15	517	186	147	31	54	79	9	18	43	35	0	0	140	82	250	313	239
BacV5_Otu_000113	4	0	6	4	5	1	2	8	8	6	6	5	19	22	24	34	12	3	3	9	3	21	7	16	6	21	64	4	70	17	37	42	13	5	58	0	11	19
BacV5_Otu_000114	0	4	0	289	1	65	69	30	1	84	4	0	3	4	5	0	0	0	0	1	0	0	0	0	0	1	0	0	0	0	2	14	3	0	0	0	0	0
BacV5_Otu_000115	2	1	10	3	1	0	0	5	2	3	5	20	6	12	13	25	40	3	0	5	6	13	5	33	1	43	19	9	65	19	31	13	7	10	2	2	22	29
BacV5_Otu_000116	1	1	6	3	2	1	1	0	3	29	0	24	41	36	20	42	59	4	5	6	0	42	64	75	103	17	54	10	165	22	20	7	4	104	100	18	28	70
BacV5_Otu_000117	1	0	3	3	0	0	2	1	20	6	0	7	5	1	0	10	2	3	0	2	0	14	1078	74	4	18	73	77	28	79	97	3	0	168	15	145	37	137
BacV5_Otu_000118	0	0	1	0	0	0	0	1	0	0	0	0	0	2	2	1	0	3	1	0	1	16	354	219	7	4	68	9	116	8	105	0	0	25	126	246	132	70
BacV5_Otu_000119	1	0	8	6	4	0	0	3	11	9	3	2	15	9	14	26	10	3	1	8	6	8	3	23	1	19	51	1	26	6	40	25	3	5	10	0	5	12
BacV5_Otu_000122	0	2	4	2	1	3	1	10	4	3	2	18	75	37	42	63	150	11	10	24	14	23	8	19	5	58	30	11	35	16	12	13	4	9	6	0	3	39
BacV5_Otu_000123	1	0	8	9	5	0	4	5	11	11	6	4	11	5	10	18	8	1	0	7	1	13	4	11	0	18	25	8	30	17	12	52	9	0	19	0	6	14
BacV5_Otu_000125	0	0	1	0	0	0	0	0	0	0	0	0	0	17	1	2	1	1	0	4	4	28	12	20	24	2	15	0	182	3	0	0	0	25	1266	545	193	22
BacV5_Otu_000126	0	0	1	0	0	0	0	0	0	0	0	0	1	3	2	0	21	0	0	0	1	24	50	100	122	23	54	10	4	27	56	9	1	40	117	50	151	70
BacV5_Otu_000127	10	10	23	34	4	9	7	36	36	30	22	5	2	3	1	7	7	0	0	0	1	0	0	0	0	0	1	0	0	0	0	4	0	0	0	0	0	2
BacV5_Otu_000130	0	1	3	0	0	0	1	1	1	1	2	9	20	22	13	16	23	3	3	15	4	14	20	119	0	19	42	1	122	35	2	26	7	22	334	12	45	146
BacV5_Otu_000131	1	0	8	5	6	1	5	7	5	9	7	9	14	9	1	5	15	1	0	16	1	14	4	23	3	26	23	1	46	30	27	42	4	9	13	1	14	18
BacV5_Otu_000132	1	1	15	7	9	1	6	5	5	16	6	3	7	11	17	20	14	2	1	8	6	13	4	12	1	16	19	8	28	24	26	43	12	1	22	0	6	13
BacV5_Otu_000133	5	3	4	38	79	10	157	31	103	250	11	35	51	117	148	42	12	43	10	0	4	4	6	61	0	6	1	0	7	8	0	5	5	1	6	121	5	113
BacV5_Otu_000136	0	1	0	5	1	2	0	4	7	7	7	9	1	15	2	9	69	0	0	3	1	8	4	14	4	15	19	6	47	13	13	8	4	5	11	3	4	27
BacV5_Otu_000137	2	0	3	7	2	0	0	2	0	4	9	10	106	25	13	31	51	10	13	12	1	39	27	20	55	19	75	1	49	7	8	1	0	16	191	8	16	24
BacV5_Otu_000138	1	2	5	1	2	1	3	8	14	13	5	26	27	19	9	14	41	2	7	20	16	20	11	17	7	24	19	22	26	9	40	9	9	6	7	1	3	9
BacV5_Otu_000139	0	0	1	0	0	0	0	0	0	0	0	102	923	120	61	38	83	39	50	29	23	35	6	1	6	0	7	9	108	0	10	0	0	150	50	13	12	26
BacV5_Otu_000141	4	0	5	3	3	0	1	3	3	7	4	2	4	5	12	9	9	0	1	2	2	15	5	23	0	17	8	2	33	19	20	39	6	10	4	1	5	23
BacV5_Otu_000142	0	1	4	3	4	0	5	7	6	13	1	1	11	9	2	8	7	1	0	7	0	30	3	6	2	25	47	16	34	5	47	42	2	4	5	6	6	13
BacV5_Otu_000143	1	0	1	2	0	0	1	4	2	4	4	26	3	2	12	19	24	0	0	4	5	10	4	13	2	16	19	12	37	6	15	3	2	9	5	8	10	8
BacV5_Otu_000144	1	0	3	0	3	0	3	1	3	3	2	2	21	10	12	36	12	2	6	25	6	17	7	30	1	44	81	4	44	16	20	28	4	15	39	9	3	22
BacV5_Otu_000145	0	1	1	1	0	0	1	1	0	15	1	1	5	15	12	22	7	1	2	8	1	14	0	8	0	11	2	9	7	3	2	12	3	0	9	0	5	39
BacV5_Otu_000146	43	27	3	55	124	56	0	55	2	11	951	0	0	0	3	0	3	0	2	0	0	0	3	8	0	1	12	1	30	3	0	2	0	47	0	34	6	2
BacV5_Otu_000147	1	1	3	16	1	3	8	2	2	38	9	2	25	7	0	13	34	6	5	2	0	35	47	74	44	43	48	13	114	18	32	13	9	120	47	51	65	63
BacV5_Otu_000149	1	0	4	2	3	0	1	3	2	10	3	22	10	24	13	15	46	2	10	5	7	18	1	58	2	16	33	4	39	21	29	13	3	31	23	9	20	22
BacV5_Otu_000150	4	0	7	2	3	0	3	5	3	6	4	6	10	9	14	13	11	2	0	10	3	12	6	16	2	14	40	11	22	11	34	18	5	9	35	0	6	16
BacV5_Otu_000151	4	0	11	25	9	3	7	23	3	23	7	20	6	2	0	3	1	1	1	0	2	8	49	10	0	4	24	5	16	0	0	33	43	11	25	9	54	9
BacV5_Otu_000154	1	0	7	5	2	1	2	5	2	5	0	12	28	67	15	62	32	7	6	12	5	15	8	26	59	5	21	4	10	13	21	2	2	20	24	3	20	5
BacV5_Otu_000155	25	82	50	6	1	3	3	43	112	10	33	2	12	0	4	17	7	3	16	1	15	25	332	41	1	3	14	96	3	1	20	4	0	33	0	45	18	168
BacV5_Otu_000159	11	15	1	0	7	30	12	40	4	62	43	0	3	1	4	2	17	1	8	1	1	0	0	0	0	0	0	0	0	0	0	1	0	0	0	0	0	0
BacV5_Otu_000161	1	1	10	5	6	0	3	4	8	18	6	27	10	33	15	15	17	1	1	2	3	6	0	2	1	9	3	3	14	1	5	6	0	4	0	1	1	6
BacV5_Otu_000163	1	0	2	87	1	1	0	85	6	11	1	2	5	1	6	13	10	1	0	6	2	8	4	0	3	0	10	0	5	5	24	129	1	0	8	0	3	18
BacV5_Otu_000164	4	0	13	1	3	0	4	8	7	8	3	3	5	4	6	15	3	0	1	3	1	15	0	7	2	14	19	15	29	14	18	23	2	8	7	0	0	24
BacV5_Otu_000166	4	0	9	6	7	2	2	3	3	19	2	1	7	3	3	14	7	0	1	3	0	11	0	13	0	20	7	0	40	21	42	15	4	20	4	5	6	28
BacV5_Otu_000167	1	2	10	17	4	9	18	12	1	41	3	21	47	62	26	19	58	6	6	6	36	38	3	23	0	10	3	0	8	30	5	11	29	3	1	4	24	2
BacV5_Otu_000168	5	1	4	2	4	2	4	7	4	11	5	6	12	9	11	19	11	2	0	8	2	13	7	12	1	22	26	6	18	11	3	24	4	7	3	0	12	16
BacV5_Otu_000169	3	0	8	5	5	1	3	12	9	9	3	3	9	5	6	25	10	4	3	17	3	12	5	20	1	11	22	4	12	10	21	33	3	2	29	0	2	5
BacV5_Otu_000170	3	1	11	7	9	1	1	14	9	27	5	8	18	27	15	14	16	4	2	8	1	13	0	2	0	14	19	5	19	3	8	19	0	2	8	0	3	36
BacV5_Otu_000171	0	0	4	5	2	0	1	2	5	7	2	3	4	15	10	40	7	0	1	42	0	0	1	6	0	4	7	0	3	2	9	15	5	9	13	4	4	3
BacV5_Otu_000173	5	5	21	20	6	33	5	11	24	29	18	82	13	43	12	9	52	6	17	0	0	4	0	3	0	10	7	3	6	7	7	5	2	5	2	9	0	11
BacV5_Otu_000174	0	5	4	0	2	1	15	3	2	4	13	6	5	6	4	1	18	4	0	1	0	5	193	6	0	15	6	5	8	4	37	0	0	50	26	2	2	15
BacV5_Otu_000177	1	0	0	1	0	0	2	0	1	7	0	1	2	10	5	22	26	1	2	5	3	7	0	11	1	0	7	0	40	2	7	19	9	20	39	0	6	10
BacV5_Otu_000180	2	0	0	1	1	1	1	5	5	8	3	9	9	19	18	95	20	4	7	44	3	1	0	3	0	7	6	4	7	3	6	2	0	2	0	1	2	8
BacV5_Otu_000181	73	26	3	57	116	52	27	79	324	221	212	1	11	3	0	4	4	3	0	0	14	0	0	0	0	0	0	0	0	0	0	0	3	0	0	0	0	0
BacV5_Otu_000182	0	0	0	0	0	0	0	0	0	0	0	0	0	2	0	2	5	0	3	0	0	26	83	113	87	19	63	0	115	10	39	0	0	139	91	56	60	66
BacV5_Otu_000183	1	0	8	4	1	5	1	6	1	13	7	5	8	7	3	11	12	0	7	3	4	2	0	4	0	7	11	12	5	7	19	11	0	6	0	1	1	23
BacV5_Otu_000185	0	0	0	1	0	0	0	1	1	1	0	7	21	35	4	0	70	7	2	0	16	4	3	62	86	33	19	0	171	15	22	0	1	7	145	71	92	125
BacV5_Otu_000186	2	0	5	1	0	0	1	1	0	3	0	3	9	3	11	17	7	2	2	2	4	11	31	20	5	15	14	3	38	10	22	15	1	29	19	7	5	18
BacV5_Otu_000189	3	2	10	3	5	2	4	6	3	6	3	2	13	9	11	23	8	1	1	11	4	5	0	4	0	6	20	0	9	2	18	18	3	0	0	0	5	2
BacV5_Otu_000190	0	5	5	39	11	0	3	16	34	13	20	6	26	18	54	21	19	0	0	1	0	1	1	2	3	1	4	27	10	7	6	1	2	11	8	5	15	4
BacV5_Otu_000192	0	0	2	0	1	0	0	0	2	1	0	2	19	9	3	7	3	0	0	5	0	16	24	43	38	11	42	0	108	0	4	5	1	55	48	4	29	37
BacV5_Otu_000195	1	0	2	0	0	1	0	1	2	5	0	18	11	21	10	18	20	3	3	4	2	7	1	3	0	7	12	0	10	5	10	7	0	3	0	0	1	1
BacV5_Otu_000196	11	3	25	0	6	11	0	7	53	20	22	1	1	0	0	1	2	5	1	0	0	0	0	0	0	0	0	0	0	0	0	0	0	0	0	0	0	0
BacV5_Otu_000197	0	0	2	2	1	0	0	3	3	2	0	2	11	2	1	10	18	0	0	0	4	12	6	10	1	9	14	7	21	12	24	8	0	17	16	2	8	26
BacV5_Otu_000199	0	0	2	2	2	1	0	3	7	7	2	64	9	20	18	22	17	2	5	3	4	0	0	0	0	0	1	0	2	1	0	0	0	0	0	0	0	0
BacV5_Otu_000202	2	2	17	9	3	13	3	1	2	18	16	1	5	8	0	1	1	0	1	2	8	0	0	0	0	0	0	0	1	2	0	0	20	0	7	0	1	1
BacV5_Otu_000204	0	0	1	0	1	0	0	0	0	2	2	2	1	3	9	9	5	1	0	4	4	5	7	19	0	16	54	0	12	6	8	5	0	0	16	0	0	16
BacV5_Otu_000207	2	0	6	1	3	1	1	3	5	3	2	1	9	9	3	18	5	0	0	7	2	9	13	27	9	13	17	3	31	10	6	11	1	11	25	4	21	21
BacV5_Otu_000208	0	0	4	1	1	0	0	0	0	0	1	60	58	197	54	197	11	12	9	28	119	0	7	1	0	7	2	0	2	1	1	3	1	2	1	0	0	4
BacV5_Otu_000209	0	2	8	6	3	0	2	6	2	18	2	0	0	8	3	11	19	0	0	0	0	5	3	3	0	10	1	1	35	3	8	6	0	6	2	0	1	19
BacV5_Otu_000211	3	1	27	0	1	0	1	5	21	4	5	86	7	10	8	12	24	1	1	24	8	1	1	1	0	3	3	3	3	1	2	1	0	2	0	1	2	3
BacV5_Otu_000212	3	1	0	114	2	4	3	118	14	11	6	1	4	1	2	14	1	0	0	5	0	0	0	0	0	0	0	0	0	0	0	74	0	0	0	0	0	0
BacV5_Otu_000214	0	0	7	2	0	0	0	0	0	1	0	1	1	7	0	0	2	0	2	0	0	3	8	7	1	12	46	0	21	7	11	4	0	0	44	0	0	67
BacV5_Otu_000216	6	41	23	1	1	1	3	12	80	3	5	1	3	3	1	3	2	2	1	0	0	40	90	10	0	6	11	64	4	4	6	6	0	19	0	37	23	46
BacV5_Otu_000217	0	0	0	1	0	0	1	0	0	1	3	1	3	3	1	11	3	0	0	0	0	18	2	8	2	13	18	15	9	3	30	30	1	0	0	0	5	16
BacV5_Otu_000219	0	1	1	3	1	2	0	3	3	1	3	0	2	2	5	11	6	0	0	5	0	4	2	7	1	7	14	0	13	9	11	10	1	0	0	5	0	12
BacV5_Otu_000220	1	1	0	0	0	0	0	0	0	0	0	0	3	0	0	0	3	0	4	0	0	8	220	315	0	1	0	0	0	4	0	0	1	11	74	9	3	122
BacV5_Otu_000221	0	0	0	1	0	0	1	0	0	0	1	12	5	48	0	5	14	4	10	0	1	76	27	50	3	12	23	4	18	4	4	1	0	123	50	209	34	12
BacV5_Otu_000225	21	16	9	3	27	11	8	61	106	46	34	1	4	0	0	0	0	7	0	0	0	0	0	0	0	0	0	0	0	0	0	7	15	0	0	0	0	0
BacV5_Otu_000229	0	0	0	0	0	0	0	0	0	0	0	0	1	0	0	0	0	0	0	0	0	68	31	20	24	7	66	1	101	21	12	0	0	146	136	10	44	27
BacV5_Otu_000234	0	0	0	0	0	0	0	0	0	0	0	0	0	0	0	0	0	0	0	0	0	87	0	0	0	0	0	0	64	2	0	0	0	67	546	8	46	0
BacV5_Otu_000236	3	0	20	2	0	0	0	6	21	0	2	36	6	16	21	2	30	1	2	8	10	2	2	2	4	5	3	4	10	0	6	1	1	2	1	2	1	2
BacV5_Otu_000238	1	0	4	1	1	2	0	7	3	3	6	4	6	11	9	16	13	0	0	8	0	4	0	7	3	10	16	3	18	3	17	9	1	2	18	2	2	11
BacV5_Otu_000241	0	0	0	0	0	0	0	0	0	0	0	0	0	0	0	0	10	35	0	0	0	27	19	76	5	1	21	5	20	1	46	0	0	7	26	4	78	31
BacV5_Otu_000243	0	0	0	0	0	0	0	0	1	0	0	0	1	0	0	0	0	0	0	0	0	27	19	128	2	4	16	2	53	6	4	2	0	73	81	9	36	31
BacV5_Otu_000248	2	0	10	2	10	0	1	1	8	6	4	6	19	10	16	32	9	4	0	20	4	27	14	92	7	43	37	0	59	39	2	14	9	13	37	18	14	20
BacV5_Otu_000249	0	0	3	0	1	0	1	3	4	1	2	1	5	5	5	5	7	0	0	7	1	9	4	8	1	9	17	2	18	3	14	6	2	13	13	1	3	8
BacV5_Otu_000250	0	0	17	4	0	0	1	4	5	2	1	60	139	83	13	54	8	3	4	9	34	0	0	0	0	0	0	0	0	3	0	6	1	0	0	0	0	0
BacV5_Otu_000251	22	1	4	0	2	7	1	2	3	0	33	157	62	6	66	13	28	3	29	0	0	1	0	0	0	0	0	0	0	0	0	0	1	0	0	2	0	4
BacV5_Otu_000253	1	0	3	0	0	0	0	0	1	0	0	0	1	1	1	1	0	0	1	1	0	10	17	201	1	1	6	0	21	2	50	0	2	8	11	74	50	0
BacV5_Otu_000257	0	5	0	1	0	0	0	0	0	4	14	0	2	9	3	0	74	0	1	1	0	150	11	44	8	24	24	0	20	4	11	0	0	63	78	34	44	40
BacV5_Otu_000265	0	0	1	0	0	0	9	1	0	1	0	0	0	0	0	0	0	0	0	0	0	8	0	19	0	9	14	3	19	0	0	1	16	2	12	8	0	2
BacV5_Otu_000267	3	0	2	2	3	0	1	3	1	2	1	3	9	1	2	15	15	1	0	9	1	10	1	1	0	10	5	3	11	7	0	12	2	0	14	0	3	2
BacV5_Otu_000272	1	0	1	0	0	0	1	1	0	1	0	18	6	4	5	6	13	1	1	5	1	19	9	13	0	10	9	9	37	3	28	0	1	2	0	8	2	3
BacV5_Otu_000276	1	0	1	0	0	0	1	0	1	2	0	6	20	14	18	8	53	1	4	7	10	3	18	12	0	13	6	3	4	15	29	6	1	1	3	4	2	5
BacV5_Otu_000282	1	24	2	0	2	0	1	4	36	5	0	33	11	16	13	8	16	0	2	2	6	0	34	4	0	3	3	179	5	3	0	1	1	3	0	0	0	4
BacV5_Otu_000283	0	0	3	3	0	0	0	0	1	2	0	2	7	10	3	9	1	2	0	5	2	10	9	7	21	9	12	0	24	2	20	2	1	19	24	7	21	26
BacV5_Otu_000284	0	0	2	3	11	0	0	7	0	1	1	2	19	63	0	1	25	118	1	1	1	0	0	0	0	0	2	0	0	0	0	0	110	1	0	0	0	0
BacV5_Otu_000290	0	1	17	3	1	10	0	1	114	13	3	0	4	0	1	4	33	8	15	0	1	0	0	0	0	0	0	0	0	0	0	0	0	0	0	0	0	0
BacV5_Otu_000301	0	0	0	0	0	0	0	0	1	0	0	0	0	1	1	0	5	0	0	0	1	25	11	7	11	32	11	9	44	7	23	7	3	21	11	0	16	17
BacV5_Otu_000305	0	0	1	0	3	2	0	0	2	3	1	10	9	12	28	37	13	4	9	26	3	1	1	2	2	2	6	0	8	1	3	3	0	1	1	2	0	4
BacV5_Otu_000309	0	0	0	0	0	0	0	0	0	0	0	0	0	0	0	0	32	0	0	0	0	40	4	150	0	0	8	0	17	20	22	0	0	158	22	3	26	61
BacV5_Otu_000335	1	0	1	0	0	0	0	0	0	4	0	117	89	16	46	3	40	10	31	0	2	18	29	45	0	1	1	1	1	15	13	0	0	36	2	17	12	1
BacV5_Otu_000347	2	3	0	0	11	22	2	67	14	14	18	0	0	0	0	2	0	0	1	0	0	0	0	0	0	0	0	0	0	0	0	0	1	0	0	0	0	0
BacV5_Otu_000348	7	1	13	2	2	2	7	11	259	88	26	0	0	1	0	0	0	0	0	0	0	0	0	0	0	0	0	0	0	0	0	0	0	0	0	0	0	0
BacV5_Otu_000353	1	0	2	2	0	0	1	4	1	1	1	31	23	24	8	35	40	6	6	9	9	3	0	8	0	4	5	0	7	3	1	2	0	2	0	0	0	2
BacV5_Otu_000354	0	0	0	0	0	0	0	0	0	1	0	1	26	48	3	7	140	2	0	1	32	0	0	0	0	2	0	0	11	1	0	0	0	0	0	0	1	0
BacV5_Otu_000355	0	0	1	0	0	0	0	0	0	3	0	3	1	6	2	2	1	1	2	1	0	5	17	23	37	4	2	2	18	2	1	3	4	24	58	9	18	6
BacV5_Otu_000360	14	0	3	0	0	0	0	0	0	0	0	1	0	0	0	2	0	0	0	1	0	3	9	12	1	1	8	0	23	0	6	0	0	27	25	26	31	10
BacV5_Otu_000368	16	14	2	4	17	10	10	17	63	48	37	0	1	0	0	1	1	1	0	0	2	0	0	0	0	0	0	0	0	0	0	0	9	1	0	0	0	0
BacV5_Otu_000371	0	0	0	0	0	0	0	0	0	0	0	0	0	0	0	0	0	0	0	0	0	1	3	15	108	12	52	10	103	4	12	0	0	19	108	11	61	23
BacV5_Otu_000377	1	0	3	5	2	1	5	19	31	7	31	11	43	14	75	22	27	0	0	0	0	0	0	0	0	0	0	0	0	0	0	0	0	0	0	0	0	3
BacV5_Otu_000378	0	0	0	0	0	0	0	0	0	0	0	1	0	4	2	0	0	0	5	0	0	14	12	45	9	3	7	1	43	3	11	0	0	80	47	11	22	21
BacV5_Otu_000384	0	0	1	0	0	0	0	0	0	0	0	22	27	57	17	54	14	4	8	24	14	1	0	0	0	0	2	1	0	1	0	1	2	0	3	1	0	3
BacV5_Otu_000387	0	0	0	0	0	0	0	0	0	0	1	0	1	0	0	1	0	0	0	0	0	20	65	136	0	2	37	10	0	2	6	0	0	23	17	10	45	22
BacV5_Otu_000397	2	0	2	0	0	0	0	1	0	2	0	99	16	26	19	16	45	3	2	9	2	0	2	3	0	1	0	0	1	0	1	1	0	3	0	2	3	1
BacV5_Otu_000401	0	0	0	0	0	1	0	0	0	0	0	77	107	156	4	60	45	2	4	26	13	0	0	0	0	1	0	4	0	1	0	0	0	0	0	0	0	0
BacV5_Otu_000402	0	0	0	0	1	0	0	0	0	1	0	0	0	0	0	0	0	0	1	1	0	27	15	53	7	1	7	0	16	3	12	0	0	54	40	36	27	14
BacV5_Otu_000408	4	13	2	1	12	4	0	45	103	20	32	0	0	0	0	0	0	0	0	0	0	0	0	0	0	0	0	0	0	0	0	1	2	0	0	0	0	0
BacV5_Otu_000412	0	0	0	0	0	0	1	1	0	3	0	29	23	33	16	31	8	12	10	7	9	0	0	1	0	1	0	0	0	0	0	0	0	0	0	0	0	0
BacV5_Otu_000423	2	0	5	0	0	0	1	1	0	1	2	7	14	12	4	14	12	3	2	3	4	4	2	3	2	10	4	1	12	4	9	4	0	8	0	0	1	3
BacV5_Otu_000424	0	0	0	0	0	0	0	0	0	0	0	0	0	0	0	1	0	1	0	0	0	32	7	16	3	3	1	0	79	3	0	0	0	13	14	9	23	18
BacV5_Otu_000425	0	0	0	0	0	0	0	0	0	0	0	0	0	2	0	0	4	0	0	0	0	9	9	13	9	6	7	0	9	13	0	3	0	2	19	9	11	14
BacV5_Otu_000427	1	0	2	0	0	0	0	0	0	0	0	78	50	54	10	65	112	6	12	14	6	2	1	0	0	0	14	0	1	0	0	3	0	0	0	0	0	0
BacV5_Otu_000430	1	0	6	0	0	0	0	0	1	0	2	12	32	88	59	6	1	58	6	0	18	53	2	2	0	1	0	0	6	0	0	0	3	0	4	0	15	15
BacV5_Otu_000432	0	0	0	0	0	0	0	0	0	0	0	0	17	0	0	0	0	0	0	0	0	13	2	17	0	1	1	1	16	2	4	0	0	69	36	36	29	8
BacV5_Otu_000435	0	0	0	0	0	0	0	1	0	27	0	1	1	2	0	1	1	0	0	0	0	28	6	9	90	0	32	3	25	0	0	0	0	7	43	10	4	73
BacV5_Otu_000445	0	0	0	1	0	0	0	0	0	0	0	0	0	0	0	0	3	0	5	0	0	4	5	23	66	16	2	0	9	0	2	0	0	11	183	60	57	15
BacV5_Otu_000446	0	1	1	2	0	0	0	0	1	2	5	0	1	2	1	1	0	0	0	0	0	3	0	29	5	0	16	1	43	5	2	1	1	5	24	14	54	7
BacV5_Otu_000450	0	0	0	0	0	0	0	1	0	0	2	3	8	11	4	8	24	15	9	0	4	21	0	0	0	0	3	0	1	0	16	0	0	0	6	0	3	0
BacV5_Otu_000455	0	0	0	0	1	0	0	0	0	0	0	0	7	4	1	17	16	4	10	0	1	13	16	23	12	7	23	2	95	3	11	0	0	30	59	6	35	64
BacV5_Otu_000457	1	0	1	0	0	0	0	0	0	0	1	5	35	136	4	1	7	0	2	1	3	18	2	4	2	0	0	0	0	14	0	0	11	0	16	47	5	0
BacV5_Otu_000459	2	0	5	1	1	0	0	1	3	5	1	7	8	6	4	26	20	2	1	2	8	3	27	8	1	14	13	11	1	7	4	5	0	1	10	2	5	5
BacV5_Otu_000467	0	0	0	0	1	0	1	0	0	0	0	0	0	5	3	3	1	1	0	2	1	0	0	11	0	14	14	3	13	4	19	13	0	0	0	0	10	3
BacV5_Otu_000488	0	0	0	0	0	0	0	0	0	0	0	47	63	31	116	2	7	122	0	0	0	3	0	0	0	0	0	0	17	0	0	0	0	0	0	0	0	0
BacV5_Otu_000491	3	1	2	1	0	0	1	8	0	19	7	1	0	1	1	0	11	10	5	1	3	3	12	5	10	4	26	8	21	1	0	2	3	12	8	0	14	22
BacV5_Otu_000495	0	0	1	0	0	0	0	0	0	0	0	0	0	0	2	1	0	0	0	0	0	12	6	7	7	4	7	0	8	1	20	0	0	39	12	13	4	17
BacV5_Otu_000498	0	0	0	0	0	0	0	0	0	0	0	0	0	5	0	1	0	0	2	0	0	6	18	20	9	2	4	0	9	1	4	0	0	49	32	9	22	20
BacV5_Otu_000500	0	0	0	0	0	1	0	0	0	0	0	0	1	3	0	0	0	0	0	0	0	36	0	0	31	26	8	2	49	2	0	0	0	40	52	9	32	0
BacV5_Otu_000547	1	0	0	1	0	13	0	1	0	12	2	0	13	11	0	0	0	0	5	0	1	1	1	4	4	1	3	0	0	0	0	1	0	1	5	0	0	12
BacV5_Otu_000548	0	0	0	0	0	0	0	0	0	0	0	0	0	0	0	0	0	0	0	0	0	8	14	40	13	1	6	0	14	2	0	0	0	26	17	0	5	0
BacV5_Otu_000549	1	0	2	6	0	0	0	0	0	0	1	21	2	0	0	4	14	0	0	1	1	7	0	6	2	10	9	0	24	2	13	3	0	0	0	0	2	12
BacV5_Otu_000554	2	0	0	41	35	11	31	3	2	13	9	0	0	0	0	1	1	0	0	0	0	0	0	0	0	0	0	0	0	0	0	5	0	0	0	0	33	0
BacV5_Otu_000560	0	0	0	1	0	0	0	0	0	0	0	2	2	0	0	2	34	1	4	0	10	4	7	22	19	2	6	4	10	4	1	0	0	17	33	13	10	20
BacV5_Otu_000561	0	0	0	0	0	0	0	0	0	0	0	0	0	0	0	0	0	0	0	0	0	69	8	13	3	62	14	0	8	8	3	0	0	33	36	17	37	20
BacV5_Otu_000567	0	0	0	0	0	0	0	0	0	1	0	0	1	6	0	1	1	0	5	0	0	13	3	20	18	26	5	0	8	8	0	0	0	1	18	33	30	108
BacV5_Otu_000568	0	0	0	0	0	0	0	0	0	0	0	5	20	4	7	0	8	1	8	0	0	32	2	0	0	0	0	0	0	0	0	0	0	26	178	0	28	0
BacV5_Otu_000574	0	0	0	1	1	1	0	0	0	0	0	0	0	0	0	0	0	0	1	1	0	8	26	26	0	8	38	4	20	6	16	0	0	49	0	6	14	19
BacV5_Otu_000593	0	0	5	0	0	0	1	0	0	0	0	68	0	56	7	10	13	3	12	0	8	0	0	2	0	8	0	2	0	0	0	1	40	0	42	2	3	0
BacV5_Otu_000594	1	0	2	4	3	1	1	4	2	1	2	2	0	5	0	13	4	1	11	0	1	4	0	2	0	2	0	8	0	7	15	1	0	0	14	25	6	0
BacV5_Otu_000601	0	0	3	1	0	0	0	0	0	5	0	0	0	1	1	1	0	0	0	0	0	2	8	13	15	1	7	2	12	0	0	1	0	15	7	6	13	14
BacV5_Otu_000609	2	2	13	11	3	28	7	5	44	15	16	9	1	5	3	1	4	0	3	0	0	0	0	0	0	0	0	0	0	0	0	0	1	0	0	0	0	1
BacV5_Otu_000615	0	0	0	1	0	0	0	0	0	0	0	0	2	10	6	0	6	3	7	0	1	7	2	10	3	4	24	1	15	7	5	0	0	33	11	7	14	11
BacV5_Otu_000622	0	0	0	0	0	0	0	0	0	0	0	0	0	0	0	0	0	0	0	1	0	7	1	14	4	1	11	0	34	0	0	0	0	51	14	15	25	13
BacV5_Otu_000624	0	0	2	0	0	0	0	0	0	0	0	1	1	0	0	0	0	0	0	1	0	31	7	4	1	5	3	0	20	10	4	0	0	40	31	8	24	7
BacV5_Otu_000636	0	2	0	2	17	1	18	1	6	38	3	0	12	0	0	0	0	13	0	0	0	0	0	0	0	0	0	0	0	0	0	0	1	0	0	0	0	0
BacV5_Otu_000649	1	0	0	0	0	0	0	0	0	0	0	0	1	0	0	0	0	0	0	0	0	0	22	7	31	3	14	0	21	0	19	3	0	11	2	0	0	2
BacV5_Otu_000664	0	0	0	0	0	0	0	0	0	0	0	0	0	0	0	0	0	0	0	0	0	0	0	20	0	0	86	0	33	0	0	0	0	95	22	10	1	0
BacV5_Otu_000665	0	0	0	0	0	0	0	0	0	0	0	0	0	0	0	0	0	0	0	0	0	10	23	19	15	17	17	0	21	0	4	0	0	33	19	17	29	15
BacV5_Otu_000681	0	0	0	0	0	0	0	0	0	0	0	0	0	0	0	0	0	0	0	0	0	0	0	19	0	0	40	7	110	0	0	0	0	66	5	12	0	1
BacV5_Otu_000682	0	0	0	0	0	0	1	0	0	0	0	1	20	11	3	1	2	3	0	0	3	20	0	53	0	18	38	1	7	2	0	1	0	4	0	9	3	2
BacV5_Otu_000714	9	5	1	12	13	6	4	6	32	14	33	0	2	0	0	0	0	1	0	0	1	0	0	0	0	0	1	0	0	0	0	1	1	0	0	0	0	0
BacV5_Otu_000787	4	9	16	0	0	2	31	2	9	2	34	2	1	13	1	2	0	14	0	0	0	0	0	2	0	0	0	0	0	0	0	0	0	0	0	3	0	0
BacV5_Otu_000812	0	0	0	0	0	0	0	0	0	0	0	0	1	1	0	0	17	0	0	0	2	4	26	23	2	7	9	2	0	0	9	0	0	38	4	10	3	25
BacV5_Otu_000866	0	0	1	0	0	0	0	0	0	0	0	0	0	0	0	0	0	0	0	0	0	11	18	30	4	11	26	0	35	0	0	0	0	24	17	1	11	10
BacV5_Otu_000888	0	0	0	0	0	0	5	7	17	3	19	3	15	19	49	14	19	0	0	0	0	0	0	0	0	0	0	0	0	0	0	0	0	1	3	0	0	0
BacV5_Otu_000930	0	0	0	0	0	0	0	0	0	0	0	0	0	0	0	0	0	0	0	0	0	3	5	9	71	12	4	0	39	0	0	0	0	2	21	0	11	1
BacV5_Otu_000950	0	0	0	0	0	0	0	0	0	0	0	0	0	0	0	0	0	0	0	0	0	16	0	14	3	4	31	4	0	0	16	0	0	4	19	10	22	16
Ftrad_Otu_00001	0	10	2	3	1	5	9	3	3	2	7	195	336	15	48	33	10	18	47	192	1	2324	18286	870	5923	134	1917	1531	3901	7410	834	181	494	1183	111	4346	9456	117
Ftrad_Otu_00002	6	10	81	9	6	11	75	60	2	5	5	22	399	79	275	141	17	61	66	31	37	5195	4927	2783	7230	2332	2147	841	5735	6464	6007	1311	1770	5308	4648	5589	8157	2163
Ftrad_Otu_00003	93	0	0	0	2	0	1	2	17	1	1	0	0	0	1	1	7	3	0	0	0	3880	9325	2129	5484	910	6303	316	1492	11223	1327	136	45	5141	3036	3743	1925	15180
Ftrad_Otu_00004	17	15	3	7	14	20	51	190	3	2	15	14	92	29	66	115	14	28	55	16	21	6660	2793	843	2509	1532	1522	453	3140	3779	10579	1550	1741	2563	1776	3186	3205	2035
Ftrad_Otu_00005	3	3	0	4	0	11	20	23	2	2	6	3	20	6	13	36	15	3	11	3	2	111	54	766	75	565	466	76	391	216	520	719	1117	40	63	171	131	112
Ftrad_Otu_00006	0	88	1	0	0	0	0	1	0	0	0	0	0	41	0	0	0	0	0	0	0	1172	796	1559	4048	1934	2693	8166	5018	3434	4718	10321	11232	5338	9657	5017	4601	4266
Ftrad_Otu_00007	1	3	0	49	3	11	5	7	3	1	10	4	5	1	36	1	2	1	5	1	0	2	0	7	3	0	0	0	1	0	0	2803	1544	1	1	2	0	1
Ftrad_Otu_00008	0	0	0	0	0	0	0	0	0	0	0	0	0	0	0	0	0	0	0	0	0	924	1017	1442	4387	1770	3472	6979	4614	3129	3901	9796	10062	5324	8568	4049	4032	5091
Ftrad_Otu_00011	1	1	1	0	0	0	0	3	0	0	1	1	1	4	38	4	1	62	9	0	12	75	77	91	2	10	421	8	115	6	118	51	48	9	101	6	240	12
Ftrad_Otu_00012	9	6	34	1	6	23	29	54	19	2	33	4	84	69	76	205	14	22	10	14	26	627	1278	671	639	1817	1488	962	1283	2878	3505	841	772	216	1007	2130	1780	2596
Ftrad_Otu_00013	2	4	6	5	0	6	0	15	0	2	37	2	5	6	0	4	7	3	9	3	2	1201	616	154	511	152	347	183	392	483	669	455	267	736	169	271	194	198
Ftrad_Otu_00014	0	10	10	3	1	1	51	12	0	0	0	0	4	0	2	39	0	1	0	1	2	43	20	3	16	490	30	0	2	32	19	21	115	18	1	0	80	8
Ftrad_Otu_00015	0	0	0	0	0	0	0	1	0	0	0	0	3	1	17	1	0	0	1	0	2	0	0	4	4	58	0	0	11	0	0	54	394	5	0	0	0	12
Ftrad_Otu_00017	0	0	0	0	0	0	2	3	0	0	0	0	0	0	2	0	0	0	2	1	0	119	1	56	0	0	25	0	82	255	8	12	66	0	11	0	23	0
Ftrad_Otu_00018	0	0	2	0	0	2	4	66	0	2	5	0	2	1	1	2	1	0	0	0	1	87	43	12	29	66	44	0	168	97	454	99	532	3	111	88	134	200
Ftrad_Otu_00019	1	41	17	0	9	0	0	18	36	6	49	8	8	0	11	7	1	0	1	0	0	0	3	0	20	67	0	0	42	0	0	130	259	44	0	0	0	1
Ftrad_Otu_00021	0	0	0	1	2	0	0	4	0	0	0	0	2	0	1	0	0	0	1	0	0	0	0	0	12	3	1	0	2	11	11	52	3	16	0	16	0	5
Ftrad_Otu_00022	0	0	4	0	0	0	1	13	0	0	0	0	0	0	3	3	1	0	0	0	1	64	2	16	25	457	188	0	16	171	59	25	60	1	7	198	2	7
Ftrad_Otu_00023	0	1	14	1	0	0	0	1	0	0	1	0	3	0	0	0	0	0	0	1	1	28	1	124	0	17	2	0	3	22	69	30	32	5	0	14	20	0
Ftrad_Otu_00024	6	5	0	3	3	0	1	9	26	14	3	0	1	1	1	2	1	0	0	4	1	0	3	9	65	0	0	0	9	0	0	0	106	0	0	0	21	9
Ftrad_Otu_00028	310	232	57	1	43	8	1	0	0	4	109	0	4	0	1	803	4	11	0	1	0	0	1	88	16	1170	9	255	17	94	16	55	219	2	6	7	0	1163
Ftrad_Otu_00029	2	0	1	0	3	3	10	16	0	2	9	0	29	3	11	1	3	55	12	10	6	0	0	8	1	25	0	0	2	2	0	1100	1254	3	0	0	0	0
Ftrad_Otu_00030	7	0	61	1	4	16	12	24	2	4	7	4	17	8	38	31	28	8	12	14	18	809	73	577	295	364	344	477	451	340	698	555	225	509	266	233	501	482
Ftrad_Otu_00031	0	0	0	0	0	3	1	7	0	0	0	1	6	6	1	9	1	1	2	1	1	334	22	9	24	85	0	94	133	27	146	30	218	18	81	0	58	0
Ftrad_Otu_00032	0	0	0	0	0	0	0	0	0	0	0	0	0	0	0	0	0	0	0	0	0	3	17	30	16	25	8	21	5	1	9	29	4	21	22	0	0	21
Ftrad_Otu_00033	0	0	0	0	0	0	1	0	1	0	0	0	1	1	0	1	1	0	0	0	2	36	0	34	0	1140	1	0	0	242	0	0	12	0	0	0	47	0
Ftrad_Otu_00035	3	38	126	2	1	4	1	7	38	0	15	0	0	0	2	37	2	1	0	0	1	27	80	12	0	33	100	1	54	61	0	134	46	0	332	50	35	200
Ftrad_Otu_00036	0	0	1	1	1	0	8	12	0	2	4	0	8	1	0	0	2	1	0	0	0	24	159	21	38	67	12	24	35	288	200	247	196	6	22	87	269	1
Ftrad_Otu_00037	0	0	1	0	0	0	7	12	0	0	1	0	2	1	2	0	1	0	0	0	0	146	82	84	186	101	57	0	77	139	549	49	26	447	56	93	80	173
Ftrad_Otu_00038	2	2	0	0	2	4	2	7	1	2	41	0	6	4	3	6	0	6	0	3	6	3	89	220	0	239	0	50	12	51	25	68	0	134	0	0	50	14
Ftrad_Otu_00039	2	0	1	0	0	4	1	3	3	1	0	9	7	1	5	2	1	1	2	2	1	485	2046	161	1184	289	171	61	188	648	790	20	0	457	316	603	850	319
Ftrad_Otu_00041	4	45	2	1	6	6	2	39	11	15	1	0	0	0	6	1	0	0	0	2	0	0	0	0	2	6	0	0	4	0	0	117	119	3	0	0	1	0
Ftrad_Otu_00042	2	0	0	0	0	1	1	6	1	0	0	1	4	2	2	5	0	1	3	4	8	100	38	145	138	53	210	25	353	151	137	46	168	842	72	345	918	217
Ftrad_Otu_00043	0	0	0	0	0	0	0	1	0	0	0	0	97	4	16	0	0	0	5	6	1	293	429	66	248	200	233	0	362	138	223	9	26	160	450	0	419	73
Ftrad_Otu_00044	0	0	0	0	0	2	0	0	0	0	0	0	1	1	0	0	1	3	2	1	0	84	13	7484	8	1767	0	1	8	18	49	15	0	1	0	0	0	7
Ftrad_Otu_00045	0	0	1	1	0	1	0	4	0	0	0	0	1	1	2	0	1	1	0	0	4	12	0	1926	10	4835	0	0	21	42	0	68	0	0	0	0	0	213
Ftrad_Otu_00047	6	4	13	1	2	0	1	4	0	1	2	0	0	0	0	0	0	1	0	0	0	25	18	1	12	6	19	0	34	40	49	29	340	19	0	36	15	4
Ftrad_Otu_00048	0	0	1	0	1	1	0	81	0	1	2	0	0	0	18	1	2	1	0	0	2	3	4	8	23	28	0	0	147	0	0	30	9	0	0	0	13	16
Ftrad_Otu_00051	5	2	0	1	5	4	10	10	0	6	0	3	10	3	6	13	3	1	0	5	2	64	58	13	35	73	30	43	82	318	336	127	25	38	1262	39	125	84
Ftrad_Otu_00052	0	0	0	0	0	2	3	0	0	0	0	1	14	17	20	28	4	5	17	4	1	0	0	0	0	29	0	0	0	0	0	54	975	0	0	0	0	0
Ftrad_Otu_00056	0	0	0	0	0	0	0	4	0	1	0	0	13	2	0	0	2	0	1	1	0	0	0	13	0	373	0	0	0	0	27	106	47	0	0	0	0	11
Ftrad_Otu_00057	0	0	0	0	0	0	0	0	0	0	0	0	2	0	10	6	1	1	0	0	2	57	0	46	0	469	0	165	57	35	17	0	11	0	0	0	52	414
Ftrad_Otu_00058	1	0	9	5	0	0	1	6	0	0	0	0	1	0	0	12	0	0	0	0	0	90	0	4	14	11	0	0	70	0	116	0	27	1	0	43	16	376
Ftrad_Otu_00060	0	0	0	0	0	2	5	3	0	0	0	0	5	0	0	1	0	8	0	0	0	7	0	6	15	8	0	18	30	56	10	11	96	0	0	10	2	11
Ftrad_Otu_00061	0	0	0	1	0	0	0	1	0	0	0	1	51	5	41	40	0	4	4	9	7	0	5	0	13	11	0	15	25	0	1	30	4	1	0	14	0	114
Ftrad_Otu_00062	0	0	0	0	0	0	0	0	0	1	0	19	324	254	234	68	193	6	15	43	90	0	0	0	0	0	0	0	0	0	0	0	24	0	0	0	0	0
Ftrad_Otu_00064	0	0	0	0	0	0	0	0	0	0	0	0	0	0	0	0	0	0	0	0	0	29	14	15	31	23	36	92	23	116	104	35	67	187	18	51	67	33
Ftrad_Otu_00067	1	0	3	0	3	0	0	2	157	1	3	0	5	6	6	11	5	2	0	13	2	0	0	0	0	0	0	0	61	0	0	13	0	43	0	0	0	0
Ftrad_Otu_00076	0	0	1	0	0	1	1	2	0	0	0	1	207	77	28	23	13	13	15	16	17	13	0	164	2	1721	20	17	39	199	57	44	0	0	0	0	0	1
Ftrad_Otu_00078	4	1	1	0	4	5	28	130	3	26	5	0	1	5	0	1	1	0	1	0	0	0	0	0	0	0	0	0	10	0	0	242	169	0	0	0	0	0
Ftrad_Otu_00080	0	1	1	0	0	0	2	1	1	0	0	0	0	0	0	2	0	2	3	0	0	24	137	10	8	51	101	11	20	380	201	16	80	166	241	0	30	11
Ftrad_Otu_00087	2	0	0	0	0	0	0	0	0	14	30	0	0	0	3	0	0	0	14	2	0	54	146	65	9	267	139	36	118	174	30	0	57	43	52	8	38	129
Ftrad_Otu_00088	0	0	0	0	0	0	0	0	0	1	0	0	0	0	0	0	0	0	0	0	0	50	27	9	97	3	0	0	14	84	93	0	0	89	175	19	94	0
Ftrad_Otu_00089	0	0	0	0	0	1	1	0	0	1	1	0	7	4	1	0	3	0	1	2	1	1	0	17	0	12	0	0	27	13	0	0	12	0	0	0	101	14
Ftrad_Otu_00090	18	7	8	10	71	84	177	134	9	42	81	0	3	2	3	4	2	7	5	2	0	39	4	21	7	54	41	0	47	62	90	32	97	18	0	27	33	47
Ftrad_Otu_00092	0	1	2	0	0	0	1	4	0	0	0	0	3	0	0	2	0	0	0	0	0	1	1	4	40	6	0	0	0	57	193	14	74	0	0	0	0	0
Ftrad_Otu_00095	2	0	0	0	0	0	0	8	0	0	0	0	0	0	0	0	0	0	0	0	0	263	51	34	0	21	44	0	220	38	51	0	13	58	0	96	0	279
Ftrad_Otu_00099	0	0	1	1	1	0	2	2	0	1	0	1	1	0	2	1	0	1	1	1	0	53	5	34	24	21	44	31	94	57	15	25	50	33	0	0	32	38
Ftrad_Otu_00105	0	0	0	1	0	0	0	0	0	0	0	41	65	130	59	172	108	15	12	30	62	7	0	0	0	8	0	0	5	18	0	0	0	0	0	0	0	0
Ftrad_Otu_00107	0	1	2	0	2	2	3	4	0	0	2	0	1	0	0	1	0	0	0	0	0	39	2	10	23	30	45	0	128	47	208	0	56	57	45	0	17	21
Ftrad_Otu_00109	0	0	0	0	1	2	1	0	0	0	0	0	0	0	0	0	0	0	0	0	0	0	2	10	12	14	21	0	3	59	0	53	73	0	0	0	4	0
Ftrad_Otu_00111	0	1	0	0	1	0	0	1	0	4	0	1	3	0	4	20	0	1	0	1	2	6	3	61	0	6	0	0	7	85	0	106	81	0	0	0	191	18
Ftrad_Otu_00112	0	2	0	0	0	2	0	2	1	0	0	0	2	0	0	2	0	3	0	1	0	15	0	36	0	186	1	53	60	39	26	71	45	0	0	0	32	66
Ftrad_Otu_00114	0	0	0	0	0	0	0	0	0	0	0	0	0	1	0	0	0	0	0	0	1	14	0	3	13	19	40	0	6	0	28	0	8	0	0	0	0	1
Ftrad_Otu_00118	0	0	0	0	0	0	1	2	0	1	3	10	23	37	12	80	0	5	1	7	4	9	0	0	0	8	0	8	0	13	12	21	0	0	0	0	4	0
Ftrad_Otu_00125	0	1	0	0	1	0	0	20	0	1	2	0	16	15	8	66	3	12	0	6	6	0	0	0	0	6	8	0	0	0	0	26	11	0	0	0	0	0
Ftrad_Otu_00126	0	0	0	0	0	1	0	0	8	0	0	0	11	2	1	3	2	0	0	1	1	0	10	6	0	136	5	21	18	13	39	8	7	31	0	8	55	52
Ftrad_Otu_00128	0	0	0	0	0	0	1	2	0	0	0	0	0	0	0	3	0	0	1	0	0	105	13	11	0	19	0	5	5	54	87	13	20	43	0	14	51	0
Ftrad_Otu_00130	0	0	0	0	0	0	0	4	0	0	0	0	0	1	2	3	0	1	0	0	0	17	79	2	2	4	0	0	73	7	30	27	53	0	37	112	19	0
Ftrad_Otu_00131	0	0	0	0	0	0	0	0	0	0	0	0	0	0	0	0	0	0	0	0	0	68	4	8	42	22	13	0	112	19	12	6	15	22	9	10	101	0
Ftrad_Otu_00132	0	1	3	0	2	0	0	0	18	1	0	0	20	0	0	46	3	0	4	0	5	8	2	21	0	20	0	0	13	135	15	0	0	0	0	0	8	19
Ftrad_Otu_00134	0	0	0	0	0	0	0	0	0	0	0	0	3	0	1	0	0	3	0	0	0	12	5	18	371	11	63	6	70	14	7	17	1	237	29	0	22	39
Ftrad_Otu_00135	0	1	1	0	0	3	0	2	1	0	37	0	0	0	0	1	1	0	0	0	1	0	0	0	0	7	0	0	29	3	0	59	0	8	0	0	12	19
Ftrad_Otu_00136	0	0	0	0	1	0	3	2	0	0	2	0	4	0	0	1	0	1	0	0	0	8	5	18	40	54	20	0	38	100	52	12	21	38	0	0	44	4
Ftrad_Otu_00137	1	0	0	0	1	0	1	0	0	0	0	0	5	3	7	19	7	1	1	3	8	25	2	0	0	5	38	0	4	3	0	0	13	0	0	26	0	21
Ftrad_Otu_00138	0	0	0	0	0	0	0	0	0	0	0	0	0	0	0	0	0	0	0	0	0	0	0	588	0	0	279	11	183	0	0	0	0	447	0	47	21	42
Ftrad_Otu_00142	9	49	40	75	97	280	105	260	17	38	228	0	2	1	0	2	0	0	0	0	0	0	0	0	0	0	0	0	0	0	0	21	26	0	0	0	0	0
Ftrad_Otu_00146	0	0	0	0	0	0	0	0	0	0	0	0	0	0	0	0	0	0	0	0	0	0	0	214	0	0	197	0	642	0	0	0	0	479	0	45	0	0
Ftrad_Otu_00149	7	1	5	6	25	33	46	76	3	8	58	0	3	3	3	5	1	9	0	0	0	8	0	2	4	9	31	0	15	6	4	0	77	0	0	0	2	4
Ftrad_Otu_00151	1	0	1	2	10	22	34	23	1	5	14	0	8	1	3	13	7	1	0	0	0	2	0	0	0	3	0	0	5	11	7	11	90	0	0	0	0	0
Ftrad_Otu_00156	4	0	0	5	8	13	42	22	1	15	6	0	0	0	0	2	2	0	0	1	2	6	4	10	0	8	0	0	0	18	36	0	29	0	0	21	0	6
Ftrad_Otu_00158	0	0	0	0	0	0	2	2	0	1	1	0	2	0	0	1	0	1	0	0	0	0	0	13	0	5	0	0	3	20	11	27	32	0	0	28	26	14
Ftrad_Otu_00163	0	0	0	0	0	0	0	0	0	0	0	0	1	0	0	0	2	0	0	0	1	42	1	23	0	3	0	0	44	22	0	9	25	28	0	0	21	58
Ftrad_Otu_00164	0	0	0	0	0	0	0	0	2	0	0	0	2	11	7	40	0	0	0	3	2	0	0	301	0	2	0	62	6	0	0	17	0	0	0	0	0	0
Ftrad_Otu_00165	0	0	0	0	0	0	0	1	0	0	0	0	4	1	2	3	3	0	0	3	2	1	0	0	0	17	0	0	16	0	36	32	28	0	0	8	0	15
Ftrad_Otu_00166	0	0	0	0	0	0	0	1	0	0	0	0	0	0	1	0	0	0	0	0	0	1	46	0	0	11	28	5	3	42	0	0	45	0	0	0	9	0
Ftrad_Otu_00171	0	0	0	0	0	0	0	0	0	0	0	0	0	0	0	0	0	0	0	0	0	8	3	6	341	183	235	15	5	11	20	10	10	75	150	25	6	36
Ftrad_Otu_00176	0	0	0	0	0	0	0	0	0	0	0	0	2	0	0	2	1	1	0	1	0	1	0	20	15	419	22	3	12	23	18	0	3	1	0	132	1	27
Ftrad_Otu_00180	2	0	1	0	0	0	2	4	0	1	3	0	0	0	3	1	0	0	0	0	1	27	8	16	102	0	0	0	109	0	27	0	0	0	0	21	0	102
Ftrad_Otu_00185	0	0	0	0	0	0	0	0	0	0	0	0	0	0	0	0	0	2	0	0	1	18	10	7	0	13	4	29	4	13	0	8	17	0	0	0	20	11
Ftrad_Otu_00188	0	0	0	0	1	1	0	0	0	1	0	0	0	4	0	2	1	2	0	1	0	9	0	0	0	32	6	0	15	9	16	0	0	51	0	0	609	3
Ftrad_Otu_00197	0	0	0	0	0	1	1	0	0	1	0	0	0	0	0	0	0	0	0	0	0	0	0	2	0	0	0	14	14	7	0	26	39	0	0	0	26	0
Ftrad_Otu_00202	0	0	0	0	0	0	0	0	0	0	10	0	22	13	5	28	93	0	0	2	3	0	0	0	0	0	0	0	0	0	0	19	11	0	0	0	0	0
Ftrad_Otu_00205	0	0	0	0	0	0	0	2	0	0	0	1	2	3	4	8	2	1	0	0	2	2	5	12	0	36	50	33	24	9	0	19	61	1	97	0	15	8
Ftrad_Otu_00206	0	1	0	0	2	7	19	12	2	2	3	0	0	2	0	5	2	0	0	0	3	4	0	3	506	15	10	0	3	21	22	0	0	24	0	0	5	6
Ftrad_Otu_00210	4	1	0	2	11	17	80	43	5	6	33	0	7	0	4	1	6	5	0	3	0	8	0	0	12	5	32	0	10	5	0	11	48	0	0	0	0	0
Ftrad_Otu_00214	0	1	0	1	0	0	0	0	2	1	0	0	0	0	1	0	1	0	0	0	0	0	0	17	0	0	0	0	0	0	0	21	48	12	0	0	588	0
Ftrad_Otu_00222	2	0	2	0	3	0	0	7	0	0	0	0	3	1	0	0	1	0	0	0	0	0	0	16	0	23	0	54	15	14	0	23	0	0	0	0	0	0
Ftrad_Otu_00233	0	0	0	0	0	0	0	0	0	0	0	0	0	0	0	0	0	0	0	0	0	7	1	27	5	12	14	0	12	5	0	0	1	104	13	20	7	40
Ftrad_Otu_00235	13	13	13	14	6	0	9	4	1	19	4	6	4	9	10	14	0	0	1	0	0	0	0	0	0	0	0	0	0	0	0	0	0	0	0	0	0	0
Ftrad_Otu_00238	0	0	0	0	0	0	0	0	0	0	0	0	0	0	1	0	0	1	0	1	0	0	5	38	0	0	78	9	104	7	0	0	0	345	41	32	11	7
Ftrad_Otu_00243	0	0	0	0	0	0	0	0	0	0	0	0	0	0	0	0	0	0	0	0	0	2	2	114	66	18	4	0	0	17	10	7	0	87	16	12	119	45
Ftrad_Otu_00255	0	0	0	0	0	0	0	0	0	0	0	0	0	0	0	0	0	0	0	0	0	28	11	22	0	155	3	2	31	71	0	0	0	4	34	45	0	39
Ftrad_Otu_00258	2	1	8	7	2	11	23	27	3	6	17	0	2	0	0	1	0	0	1	0	0	4	1	2	0	2	16	0	0	0	0	3	157	0	0	0	0	3
Ftrad_Otu_00262	0	0	1	0	2	3	0	0	1	0	0	0	0	0	1	0	1	3	0	0	1	27	0	4	11	45	0	0	9	0	9	28	8	0	0	0	0	24
Ftrad_Otu_00265	1	0	0	0	0	0	1	1	0	0	0	0	0	1	0	1	0	0	0	1	0	4	0	26	17	30	0	23	0	39	0	0	0	15	0	40	6	22
Ftrad_Otu_00267	0	0	0	0	0	0	0	0	0	0	0	0	0	0	0	4	0	0	0	0	0	12	0	15	0	52	4	0	0	4	47	0	114	0	0	0	37	0
Ftrad_Otu_00279	0	0	0	0	0	0	0	0	0	0	0	0	0	0	0	0	0	0	0	0	0	7	0	115	0	60	1	0	109	14	0	5	0	41	0	4	32	9
Ftrad_Otu_00280	0	0	0	0	0	0	0	2	0	0	0	0	0	0	0	1	0	0	0	0	0	19	0	9	0	9	0	0	26	21	3	0	48	4	24	0	4	0
Ftrad_Otu_00282	0	0	0	0	0	0	0	0	0	0	0	0	1	0	2	3	0	1	0	0	1	12	0	20	0	24	6	0	16	9	0	6	0	0	0	0	0	37
Ftrad_Otu_00299	0	0	0	0	0	0	0	0	0	0	0	0	0	0	0	0	1	0	0	0	0	2	3	1	47	180	16	0	12	0	4	0	16	0	0	33	1	17
Ftrad_Otu_00307	0	0	0	0	0	4	0	1	0	0	0	0	0	0	0	0	0	1	0	0	0	0	0	14	0	31	0	0	26	0	38	0	0	0	0	0	0	11
Ftrad_Otu_00325	0	0	0	0	0	0	0	0	0	0	0	0	0	0	0	0	0	0	0	0	0	5	3	4	0	6	12	0	15	64	43	0	0	0	22	0	0	0
Ftrad_Otu_00344	0	0	0	0	0	0	0	0	0	0	0	0	4	0	3	1	0	2	0	10	0	16	0	0	0	0	0	0	22	0	12	25	0	0	0	20	1	0
Ftrad_Otu_00367	0	0	0	0	0	0	0	0	0	0	0	0	0	0	0	0	0	0	0	0	0	23	0	1	0	8	0	18	42	0	42	0	0	0	0	0	11	0
Ftrad_Otu_00388	0	0	0	0	0	0	0	0	0	0	0	1	4	1	2	3	1	0	0	0	0	0	2	2	0	61	22	0	12	0	0	0	0	0	0	12	41	47
Ftrad_Otu_00410	0	0	0	0	0	0	0	0	0	0	0	0	0	0	0	0	0	0	0	0	0	0	0	17	0	0	79	0	33	0	0	0	0	133	0	0	0	17
Ftrad_Otu_00439	0	0	0	0	0	0	0	0	0	0	0	0	0	0	0	0	0	0	0	0	0	0	4	14	2	23	0	0	75	0	0	0	0	31	69	0	7	1
Ftrad_Otu_00448	6	0	0	5	6	18	49	29	2	11	18	0	0	0	0	0	0	0	2	0	0	0	0	0	0	0	0	0	0	0	0	0	0	0	0	0	0	0
Ftrad_Otu_00464	0	0	0	0	2	5	1	8	1	1	5	0	2	1	0	0	0	1	0	0	0	10	4	3	0	26	5	7	31	12	31	0	0	12	0	13	14	16
Ftrad_Otu_00473	0	0	0	0	0	0	0	0	0	0	0	0	0	0	0	0	0	0	0	0	0	0	0	18	10	0	15	0	4	47	37	0	0	5	0	0	49	0
Ftrad_Otu_00526	0	0	0	0	0	0	0	1	0	0	0	0	0	0	0	0	0	0	0	0	0	2	0	0	0	27	2	0	33	31	16	0	0	0	0	0	4	21
Ftrad_Otu_00568	0	0	0	0	0	0	0	0	0	0	0	0	0	0	0	0	0	0	0	0	0	0	0	0	12	6	0	33	0	0	14	0	24	0	16	9	2	3
Otrad_Otu_00001	6	394	8	4	9	162	38	35	33	55	276	414	436	494	698	227	131	118	59	114	96	131	682	8	399	73	557	879	166	1065	426	52387	4878	685	210	555	456	458
Otrad_Otu_00002	6	0	26	34	12	26	88	61	140	133	25	0	37	0	3	4	2	1	0	2	0	101	145	261	168	26	84	750	145	309	540	1	851	232	272	109	174	291
Otrad_Otu_00003	0	0	0	0	5	0	1	1	0	3	27	29	32	21	37	21	14	19	8	14	14	16	0	19777	522	10	6	0	0	259	0	4	983	154	0	149	0	55
Otrad_Otu_00004	0	0	0	0	0	0	0	0	0	0	0	0	20	166	0	0	0	0	7	0	5	13	82	6	0	797	12390	56	3930	70	54	0	0	4119	878	8798	1390	0
Otrad_Otu_00005	5	0	725	0	0	0	0	0	0	0	0	25	1176	18	0	0	0	7	0	0	0	1353	0	1983	0	14	3255	0	323	1174	0	2	623	403	429	0	171	1242
Otrad_Otu_00008	0	0	0	0	0	1	18	718	0	0	0	10	2	342	3	169	211	35	0	29	14	27	35	150	0	20894	155	0	0	116	122	0	0	0	0	0	0	0
Otrad_Otu_00010	1	1	30	0	3	38	0	0	0	0	1	191	11	4	13	441	812	32	8	223	20	569	2054	90	438	8	617	1402	848	840	770	0	3861	35	0	1233	199	0
Otrad_Otu_00011	0	0	1	2	0	1	0	0	0	16	3	6	4	3	5	4	5	1	2	4	2	0	0	0	0	6	2082	0	0	133	0	1	0	535	7641	0	310	0
Otrad_Otu_00012	0	0	0	0	0	0	0	0	0	0	0	0	0	0	0	0	0	0	0	0	0	811	27	0	253	168	102	0	1850	7283	6356	1	0	127	70	1730	1216	204